Time - Plot 0	Amplitude - Plot 0
0	534
1	614
2	498
3	570
4	520
5	530
6	538
7	534
8	575
9	553
10	545
11	566
12	518
13	563
14	598
15	571
16	550
17	554
18	561
19	565
20	546
21	521
22	646
23	553
24	579
25	549
26	582
27	601
28	682
29	550
30	555
31	614
32	562
33	562
34	597
35	652
36	669
37	546
38	721
39	567
40	554
41	627
42	690
43	689
44	673
45	798
46	592
47	619
48	663
49	642
50	596
51	606
52	607
53	596
54	613
55	594
56	635
57	618
58	696
59	591
60	600
61	651
62	624
63	654
64	753
65	665
66	629
67	633
68	644
69	729
70	615
71	637
72	628
73	624
74	627
75	627
76	655
77	629
78	664
79	639
80	713
81	647
82	635
83	631
84	629
85	616
86	645
87	604
88	641
89	622
90	701
91	650
92	623
93	653
94	608
95	667
96	638
97	664
98	640
99	639
100	674
101	634
102	643
103	688
104	644
105	660
106	613
107	647
108	631
109	737
110	648
111	625
112	731
113	695
114	744
115	620
116	649
117	634
118	632
119	612
120	628
121	627
122	651
123	626
124	626
125	609
126	646
127	655
128	720
129	630
130	654
131	669
132	823
133	662
134	652
135	653
136	695
137	783
138	715
139	673
140	729
141	693
142	723
143	744
144	756
145	842
146	748
147	895
148	762
149	816
150	834
151	786
152	833
153	814
154	810
155	814
156	786
157	831
158	842
159	846
160	804
161	815
162	919
163	772
164	786
165	821
166	796
167	834
168	827
169	788
170	845
171	723
172	768
173	712
174	732
175	788
176	683
177	696
178	680
179	744
180	788
181	729
182	635
183	649
184	628
185	648
186	664
187	665
188	617
189	699
190	687
191	675
192	673
193	663
194	609
195	633
196	684
197	874
198	720
199	623
200	662
201	615
202	637
203	642
204	762
205	611
206	577
207	744
208	749
209	615
210	633
211	622
212	613
213	605
214	648
215	610
216	596
217	657
218	630
219	628
220	616
221	634
222	766
223	755
224	643
225	594
226	630
227	628
228	613
229	659
230	622
231	615
232	637
233	680
234	707
235	601
236	665
237	608
238	653
239	721
240	655
241	642
242	644
243	681
244	648
245	669
246	740
247	751
248	762
249	755
250	767
251	762
252	787
253	788
254	777
255	839
256	789
257	807
258	822
259	797
260	878
261	898
262	840
263	825
264	813
265	849
266	798
267	857
268	823
269	866
270	794
271	831
272	845
273	810
274	805
275	794
276	833
277	813
278	923
279	992
280	818
281	822
282	781
283	848
284	780
285	775
286	783
287	778
288	764
289	742
290	755
291	781
292	858
293	759
294	659
295	668
296	729
297	720
298	732
299	665
300	657
301	679
302	663
303	1021
304	713
305	932
306	641
307	655
308	668
309	758
310	650
311	727
312	651
313	657
314	719
315	635
316	662
317	648
318	648
319	663
320	669
321	678
322	655
323	700
324	760
325	656
326	666
327	648
328	651
329	657
330	746
331	713
332	653
333	633
334	657
335	991
336	691
337	816
338	663
339	762
340	637
341	742
342	669
343	666
344	644
345	657
346	699
347	687
348	667
349	660
350	678
351	691
352	685
353	681
354	679
355	687
356	663
357	655
358	656
359	674
360	673
361	692
362	682
363	660
364	643
365	699
366	661
367	672
368	674
369	667
370	683
371	763
372	673
373	670
374	771
375	737
376	760
377	715
378	672
379	725
380	686
381	678
382	675
383	687
384	690
385	762
386	709
387	810
388	671
389	704
390	704
391	728
392	795
393	671
394	764
395	699
396	707
397	747
398	724
399	689
400	678
401	695
402	790
403	721
404	703
405	743
406	722
407	709
408	667
409	693
410	691
411	688
412	705
413	689
414	779
415	676
416	705
417	795
418	695
419	760
420	710
421	746
422	695
423	692
424	821
425	701
426	690
427	704
428	692
429	700
430	697
431	738
432	692
433	722
434	731
435	720
436	682
437	715
438	723
439	693
440	712
441	699
442	709
443	755
444	848
445	758
446	722
447	705
448	995
449	704
450	677
451	748
452	710
453	750
454	704
455	728
456	788
457	713
458	673
459	718
460	777
461	720
462	823
463	754
464	782
465	699
466	699
467	700
468	730
469	707
470	707
471	732
472	701
473	864
474	755
475	745
476	718
477	783
478	719
479	846
480	721
481	741
482	751
483	761
484	743
485	734
486	757
487	743
488	747
489	735
490	721
491	714
492	758
493	752
494	813
495	808
496	697
497	720
498	831
499	754
500	792
501	802
502	734
503	757
504	861
505	773
506	728
507	751
508	826
509	774
510	801
511	724
512	732
513	725
514	789
515	751
516	806
517	721
518	741
519	759
520	783
521	765
522	729
523	757
524	822
525	690
526	759
527	752
528	729
529	725
530	711
531	756
532	734
533	750
534	772
535	848
536	748
537	721
538	728
539	728
540	715
541	781
542	983
543	704
544	760
545	707
546	730
547	707
548	854
549	717
550	708
551	733
552	707
553	700
554	708
555	747
556	703
557	727
558	759
559	717
560	713
561	761
562	730
563	717
564	795
565	698
566	686
567	677
568	699
569	725
570	741
571	685
572	940
573	707
574	736
575	695
576	705
577	717
578	708
579	794
580	740
581	672
582	737
583	713
584	673
585	706
586	671
587	675
588	734
589	645
590	703
591	674
592	715
593	707
594	714
595	711
596	699
597	684
598	816
599	704
600	708
601	730
602	709
603	758
604	742
605	699
606	759
607	703
608	811
609	838
610	690
611	682
612	700
613	705
614	751
615	684
616	724
617	701
618	669
619	664
620	686
621	710
622	706
623	705
624	702
625	737
626	798
627	717
628	733
629	729
630	694
631	684
632	748
633	734
634	682
635	771
636	692
637	683
638	714
639	694
640	720
641	729
642	702
643	747
644	735
645	761
646	691
647	731
648	742
649	720
650	713
651	1163
652	724
653	694
654	716
655	715
656	737
657	698
658	735
659	718
660	693
661	750
662	727
663	730
664	747
665	748
666	745
667	711
668	721
669	733
670	753
671	742
672	723
673	809
674	757
675	789
676	798
677	830
678	903
679	848
680	844
681	873
682	907
683	904
684	883
685	877
686	885
687	871
688	845
689	955
690	859
691	863
692	890
693	891
694	897
695	872
696	900
697	844
698	1090
699	884
700	900
701	903
702	937
703	871
704	853
705	915
706	886
707	851
708	874
709	870
710	887
711	977
712	928
713	852
714	842
715	888
716	936
717	859
718	845
719	832
720	808
721	831
722	845
723	846
724	806
725	754
726	791
727	802
728	759
729	779
730	743
731	712
732	750
733	759
734	726
735	736
736	721
737	738
738	755
739	759
740	742
741	731
742	829
743	722
744	700
745	686
746	707
747	711
748	749
749	731
750	723
751	779
752	712
753	684
754	727
755	671
756	685
757	732
758	771
759	708
760	700
761	710
762	685
763	703
764	710
765	681
766	694
767	782
768	694
769	727
770	686
771	724
772	714
773	884
774	681
775	747
776	664
777	740
778	713
779	696
780	705
781	736
782	710
783	699
784	693
785	705
786	698
787	827
788	757
789	741
790	690
791	732
792	699
793	680
794	721
795	692
796	709
797	688
798	704
799	696
800	675
801	705
802	717
803	776
804	672
805	697
806	679
807	710
808	858
809	697
810	695
811	667
812	679
813	728
814	702
815	652
816	786
817	853
818	1074
819	769
820	730
821	725
822	727
823	1079
824	711
825	676
826	1200
827	796
828	691
829	661
830	699
831	666
832	726
833	779
834	749
835	679
836	688
837	666
838	660
839	724
840	725
841	817
842	689
843	669
844	678
845	699
846	687
847	694
848	687
849	662
850	695
851	669
852	687
853	705
854	644
855	725
856	728
857	671
858	677
859	681
860	766
861	711
862	695
863	642
864	708
865	704
866	694
867	675
868	686
869	673
870	667
871	679
872	678
873	623
874	687
875	695
876	673
877	775
878	690
879	723
880	714
881	659
882	767
883	695
884	684
885	672
886	713
887	682
888	796
889	721
890	678
891	676
892	644
893	712
894	663
895	1526
896	720
897	664
898	679
899	816
900	668
901	659
902	800
903	662
904	707
905	704
906	792
907	668
908	657
909	679
910	701
911	653
912	734
913	663
914	694
915	711
916	675
917	739
918	738
919	677
920	673
921	671
922	714
923	711
924	705
925	680
926	696
927	667
928	666
929	670
930	684
931	671
932	715
933	685
934	660
935	646
936	658
937	702
938	696
939	675
940	667
941	672
942	786
943	657
944	656
945	696
946	654
947	671
948	781
949	641
950	729
951	667
952	677
953	763
954	697
955	771
956	659
957	778
958	667
959	732
960	674
961	687
962	767
963	661
964	658
965	673
966	671
967	684
968	697
969	759
970	686
971	685
972	665
973	695
974	671
975	739
976	688
977	675
978	743
979	700
980	795
981	660
982	797
983	681
984	697
985	690
986	699
987	749
988	678
989	704
990	698
991	705
992	726
993	658
994	715
995	710
996	705
997	697
998	672
999	694
1000	721
1001	698
1002	714
1003	716
1004	719
1005	717
1006	693
1007	772
1008	766
1009	673
1010	731
1011	702
1012	721
1013	684
1014	695
1015	728
1016	687
1017	724
1018	723
1019	691
1020	728
1021	714
1022	818
1023	731
