Time - Plot 0	Amplitude - Plot 0
0	249
1	258
2	246
3	254
4	250
5	249
6	251
7	253
8	258
9	258
10	252
11	256
12	254
13	255
14	256
15	255
16	255
17	254
18	257
19	257
20	249
21	253
22	264
23	255
24	257
25	256
26	254
27	256
28	266
29	251
30	252
31	260
32	255
33	259
34	258
35	260
36	268
37	254
38	269
39	255
40	253
41	260
42	266
43	269
44	266
45	280
46	258
47	259
48	265
49	264
50	256
51	261
52	261
53	257
54	264
55	259
56	259
57	263
58	271
59	258
60	264
61	261
62	262
63	265
64	278
65	266
66	264
67	264
68	264
69	272
70	262
71	264
72	264
73	259
74	263
75	262
76	269
77	260
78	267
79	265
80	275
81	265
82	260
83	263
84	263
85	263
86	261
87	259
88	266
89	268
90	271
91	267
92	257
93	267
94	264
95	267
96	266
97	268
98	267
99	263
100	265
101	267
102	264
103	269
104	266
105	266
106	263
107	266
108	261
109	275
110	267
111	264
112	278
113	271
114	276
115	261
116	263
117	265
118	265
119	262
120	263
121	262
122	266
123	267
124	264
125	263
126	265
127	263
128	276
129	266
130	264
131	267
132	279
133	264
134	263
135	266
136	265
137	278
138	267
139	265
140	266
141	260
142	267
143	264
144	265
145	270
146	259
147	273
148	260
149	268
150	267
151	262
152	268
153	263
154	265
155	264
156	261
157	265
158	266
159	267
160	265
161	267
162	280
163	264
164	268
165	270
166	269
167	273
168	266
169	268
170	275
171	265
172	274
173	266
174	261
175	263
176	264
177	264
178	267
179	268
180	278
181	271
182	265
183	264
184	262
185	267
186	266
187	270
188	262
189	271
190	273
191	272
192	266
193	269
194	265
195	264
196	266
197	288
198	275
199	268
200	266
201	269
202	265
203	263
204	282
205	265
206	262
207	272
208	282
209	266
210	267
211	268
212	264
213	266
214	271
215	268
216	265
217	272
218	268
219	269
220	265
221	271
222	284
223	275
224	272
225	268
226	271
227	272
228	265
229	276
230	265
231	267
232	269
233	275
234	276
235	268
236	269
237	271
238	272
239	283
240	269
241	269
242	270
243	274
244	270
245	275
246	275
247	280
248	282
249	281
250	282
251	286
252	282
253	280
254	284
255	288
256	287
257	284
258	286
259	289
260	292
261	296
262	288
263	290
264	290
265	291
266	289
267	288
268	286
269	290
270	285
271	286
272	287
273	287
274	289
275	285
276	287
277	289
278	301
279	303
280	288
281	290
282	287
283	292
284	285
285	282
286	286
287	283
288	283
289	283
290	280
291	287
292	292
293	285
294	276
295	277
296	281
297	281
298	280
299	277
300	275
301	280
302	274
303	310
304	280
305	306
306	273
307	273
308	277
309	284
310	276
311	280
312	268
313	274
314	277
315	274
316	276
317	276
318	273
319	273
320	276
321	280
322	271
323	281
324	283
325	270
326	276
327	274
328	271
329	273
330	283
331	280
332	274
333	271
334	277
335	306
336	284
337	295
338	277
339	288
340	274
341	288
342	277
343	278
344	273
345	278
346	282
347	277
348	274
349	277
350	279
351	279
352	281
353	280
354	280
355	283
356	280
357	281
358	280
359	281
360	281
361	280
362	279
363	278
364	277
365	287
366	282
367	281
368	280
369	283
370	278
371	290
372	278
373	281
374	293
375	291
376	287
377	288
378	285
379	290
380	280
381	284
382	282
383	287
384	281
385	286
386	294
387	301
388	285
389	288
390	291
391	289
392	301
393	293
394	294
395	292
396	293
397	299
398	292
399	294
400	294
401	290
402	304
403	296
404	291
405	298
406	298
407	291
408	289
409	297
410	293
411	294
412	298
413	295
414	311
415	298
416	300
417	311
418	300
419	303
420	297
421	305
422	296
423	304
424	314
425	301
426	306
427	300
428	303
429	302
430	306
431	312
432	305
433	305
434	310
435	307
436	308
437	307
438	310
439	302
440	305
441	309
442	314
443	317
444	328
445	320
446	313
447	316
448	349
449	319
450	317
451	321
452	322
453	329
454	324
455	322
456	334
457	328
458	325
459	333
460	335
461	328
462	349
463	342
464	344
465	341
466	340
467	347
468	351
469	348
470	350
471	358
472	348
473	373
474	364
475	367
476	363
477	374
478	373
479	384
480	379
481	382
482	391
483	392
484	391
485	387
486	389
487	398
488	393
489	400
490	406
491	398
492	407
493	408
494	422
495	418
496	405
497	424
498	433
499	418
500	426
501	439
502	423
503	431
504	454
505	441
506	439
507	442
508	457
509	456
510	448
511	447
512	451
513	456
514	458
515	458
516	467
517	461
518	459
519	467
520	466
521	462
522	477
523	466
524	483
525	471
526	475
527	482
528	485
529	479
530	480
531	490
532	493
533	491
534	486
535	499
536	489
537	490
538	488
539	485
540	492
541	494
542	518
543	492
544	511
545	490
546	495
547	491
548	509
549	488
550	505
551	494
552	487
553	489
554	494
555	493
556	491
557	486
558	494
559	479
560	482
561	497
562	484
563	479
564	489
565	476
566	473
567	473
568	471
569	475
570	472
571	459
572	481
573	464
574	469
575	464
576	462
577	458
578	460
579	466
580	443
581	436
582	443
583	440
584	436
585	439
586	427
587	428
588	426
589	414
590	426
591	417
592	423
593	421
594	426
595	411
596	405
597	403
598	421
599	403
600	410
601	404
602	383
603	392
604	395
605	382
606	394
607	374
608	396
609	392
610	380
611	377
612	378
613	373
614	374
615	369
616	364
617	370
618	359
619	352
620	361
621	355
622	358
623	356
624	354
625	351
626	366
627	348
628	349
629	355
630	350
631	340
632	344
633	351
634	341
635	349
636	341
637	336
638	338
639	335
640	340
641	343
642	337
643	338
644	338
645	343
646	327
647	329
648	331
649	329
650	329
651	372
652	322
653	323
654	329
655	337
656	326
657	324
658	332
659	322
660	324
661	327
662	325
663	326
664	323
665	328
666	325
667	324
668	322
669	324
670	327
671	321
672	326
673	332
674	326
675	323
676	325
677	327
678	336
679	329
680	327
681	333
682	331
683	332
684	326
685	331
686	334
687	331
688	330
689	334
690	326
691	328
692	329
693	324
694	324
695	326
696	321
697	321
698	344
699	323
700	320
701	327
702	328
703	320
704	315
705	321
706	326
707	319
708	317
709	318
710	322
711	330
712	322
713	313
714	311
715	322
716	324
717	307
718	312
719	306
720	307
721	312
722	310
723	307
724	310
725	304
726	306
727	310
728	301
729	308
730	301
731	298
732	300
733	302
734	301
735	295
736	297
737	301
738	298
739	304
740	298
741	302
742	307
743	293
744	293
745	289
746	295
747	294
748	290
749	289
750	291
751	293
752	289
753	286
754	287
755	285
756	284
757	290
758	295
759	286
760	282
761	283
762	284
763	283
764	281
765	279
766	277
767	289
768	283
769	280
770	279
771	281
772	279
773	300
774	277
775	286
776	274
777	287
778	277
779	279
780	277
781	283
782	279
783	275
784	274
785	279
786	278
787	287
788	285
789	280
790	275
791	279
792	275
793	273
794	280
795	274
796	276
797	274
798	279
799	273
800	273
801	278
802	279
803	282
804	275
805	273
806	271
807	278
808	288
809	274
810	274
811	274
812	271
813	272
814	277
815	272
816	284
817	274
818	274
819	277
820	278
821	278
822	276
823	306
824	273
825	273
826	319
827	279
828	271
829	270
830	276
831	270
832	279
833	284
834	280
835	270
836	268
837	272
838	272
839	280
840	277
841	282
842	273
843	267
844	272
845	273
846	276
847	273
848	272
849	271
850	270
851	270
852	271
853	273
854	270
855	271
856	274
857	270
858	275
859	273
860	276
861	275
862	275
863	266
864	273
865	277
866	274
867	270
868	271
869	273
870	274
871	269
872	273
873	268
874	275
875	271
876	272
877	284
878	273
879	277
880	273
881	273
882	280
883	276
884	272
885	270
886	272
887	275
888	281
889	275
890	274
891	271
892	267
893	279
894	275
895	351
896	275
897	269
898	274
899	283
900	268
901	274
902	284
903	268
904	274
905	274
906	278
907	272
908	272
909	271
910	275
911	270
912	278
913	270
914	267
915	274
916	272
917	283
918	280
919	273
920	272
921	272
922	273
923	278
924	274
925	275
926	273
927	273
928	273
929	274
930	275
931	268
932	276
933	273
934	273
935	271
936	268
937	276
938	272
939	270
940	271
941	269
942	286
943	270
944	268
945	275
946	269
947	271
948	282
949	269
950	281
951	277
952	274
953	283
954	276
955	289
956	273
957	288
958	269
959	277
960	273
961	277
962	283
963	276
964	269
965	271
966	274
967	275
968	276
969	280
970	278
971	277
972	272
973	276
974	277
975	277
976	279
977	274
978	280
979	275
980	287
981	272
982	283
983	274
984	275
985	276
986	279
987	281
988	275
989	275
990	276
991	281
992	278
993	276
994	281
995	281
996	279
997	279
998	276
999	277
1000	278
1001	282
1002	282
1003	279
1004	283
1005	278
1006	277
1007	288
1008	286
1009	280
1010	282
1011	279
1012	284
1013	281
1014	285
1015	287
1016	280
1017	282
1018	278
1019	283
1020	288
1021	288
1022	296
1023	290
