Time - Plot 0	Amplitude - Plot 0
0	585
1	659
2	551
3	611
4	577
5	575
6	584
7	582
8	633
9	608
10	590
11	599
12	563
13	594
14	627
15	620
16	602
17	605
18	616
19	624
20	607
21	583
22	713
23	621
24	630
25	607
26	645
27	653
28	744
29	607
30	618
31	687
32	645
33	620
34	661
35	706
36	740
37	620
38	779
39	633
40	629
41	688
42	752
43	746
44	756
45	894
46	664
47	692
48	754
49	718
50	677
51	697
52	692
53	676
54	700
55	682
56	708
57	719
58	793
59	678
60	688
61	728
62	710
63	734
64	863
65	766
66	727
67	724
68	722
69	817
70	704
71	729
72	727
73	715
74	722
75	708
76	745
77	712
78	749
79	745
80	823
81	748
82	728
83	724
84	719
85	719
86	738
87	702
88	735
89	715
90	801
91	747
92	716
93	741
94	720
95	767
96	739
97	781
98	730
99	728
100	772
101	732
102	731
103	773
104	743
105	759
106	738
107	748
108	720
109	831
110	749
111	716
112	828
113	793
114	823
115	718
116	743
117	725
118	726
119	700
120	719
121	705
122	751
123	711
124	722
125	688
126	740
127	728
128	799
129	720
130	721
131	751
132	887
133	727
134	717
135	711
136	743
137	815
138	741
139	695
140	731
141	702
142	715
143	718
144	729
145	784
146	682
147	803
148	677
149	739
150	745
151	697
152	726
153	702
154	708
155	719
156	685
157	710
158	736
159	757
160	705
161	730
162	837
163	685
164	693
165	753
166	728
167	780
168	767
169	742
170	799
171	687
172	757
173	709
174	684
175	692
176	690
177	719
178	749
179	794
180	838
181	783
182	678
183	717
184	681
185	696
186	735
187	727
188	687
189	771
190	766
191	751
192	730
193	723
194	696
195	709
196	741
197	937
198	799
199	708
200	736
201	696
202	721
203	707
204	848
205	706
206	665
207	806
208	832
209	702
210	713
211	685
212	695
213	679
214	736
215	701
216	680
217	733
218	720
219	704
220	696
221	715
222	852
223	834
224	707
225	677
226	719
227	723
228	689
229	747
230	707
231	699
232	718
233	761
234	768
235	676
236	749
237	678
238	748
239	801
240	729
241	710
242	709
243	750
244	715
245	724
246	756
247	772
248	756
249	732
250	747
251	718
252	720
253	697
254	688
255	735
256	688
257	699
258	723
259	693
260	773
261	795
262	724
263	712
264	713
265	731
266	696
267	744
268	714
269	765
270	687
271	739
272	738
273	702
274	698
275	695
276	726
277	709
278	823
279	886
280	715
281	716
282	701
283	739
284	706
285	690
286	735
287	731
288	719
289	691
290	714
291	745
292	843
293	759
294	678
295	696
296	777
297	741
298	768
299	712
300	693
301	725
302	692
303	1045
304	757
305	984
306	695
307	709
308	710
309	798
310	689
311	779
312	687
313	696
314	784
315	672
316	708
317	707
318	706
319	706
320	718
321	719
322	709
323	747
324	821
325	699
326	701
327	684
328	692
329	691
330	780
331	759
332	692
333	685
334	703
335	1042
336	745
337	847
338	722
339	810
340	676
341	769
342	710
343	700
344	684
345	698
346	745
347	735
348	717
349	714
350	709
351	740
352	718
353	720
354	722
355	721
356	704
357	701
358	693
359	699
360	706
361	727
362	720
363	689
364	682
365	738
366	688
367	698
368	728
369	696
370	718
371	785
372	695
373	702
374	791
375	758
376	784
377	756
378	701
379	758
380	708
381	718
382	709
383	706
384	719
385	702
386	734
387	835
388	699
389	720
390	743
391	751
392	807
393	695
394	783
395	727
396	709
397	765
398	748
399	706
400	687
401	714
402	800
403	732
404	727
405	781
406	730
407	723
408	686
409	699
410	696
411	712
412	711
413	719
414	809
415	698
416	708
417	812
418	710
419	779
420	728
421	770
422	719
423	698
424	851
425	701
426	703
427	718
428	718
429	709
430	706
431	745
432	698
433	716
434	734
435	746
436	684
437	746
438	717
439	705
440	710
441	703
442	720
443	757
444	848
445	773
446	730
447	713
448	1015
449	715
450	683
451	752
452	718
453	763
454	706
455	748
456	799
457	724
458	683
459	745
460	779
461	709
462	827
463	742
464	800
465	714
466	692
467	698
468	744
469	730
470	732
471	735
472	725
473	867
474	753
475	750
476	724
477	791
478	745
479	873
480	742
481	761
482	784
483	785
484	769
485	761
486	775
487	769
488	770
489	753
490	751
491	748
492	776
493	778
494	845
495	841
496	734
497	754
498	870
499	788
500	820
501	843
502	765
503	769
504	903
505	811
506	784
507	781
508	863
509	808
510	843
511	758
512	767
513	757
514	821
515	787
516	866
517	752
518	783
519	802
520	827
521	812
522	770
523	788
524	863
525	751
526	807
527	804
528	765
529	765
530	748
531	804
532	774
533	787
534	817
535	892
536	757
537	782
538	764
539	756
540	748
541	824
542	1006
543	740
544	795
545	738
546	775
547	750
548	880
549	753
550	764
551	764
552	730
553	733
554	746
555	781
556	736
557	753
558	784
559	761
560	764
561	797
562	771
563	730
564	834
565	715
566	714
567	708
568	710
569	745
570	768
571	693
572	938
573	729
574	762
575	721
576	713
577	752
578	725
579	807
580	760
581	706
582	748
583	724
584	695
585	727
586	699
587	702
588	743
589	671
590	717
591	705
592	727
593	737
594	733
595	730
596	719
597	700
598	830
599	722
600	716
601	749
602	718
603	771
604	766
605	712
606	776
607	729
608	831
609	863
610	704
611	703
612	714
613	711
614	767
615	698
616	740
617	725
618	687
619	674
620	700
621	720
622	729
623	734
624	707
625	744
626	803
627	729
628	746
629	738
630	728
631	693
632	775
633	736
634	687
635	771
636	709
637	705
638	732
639	688
640	735
641	751
642	693
643	758
644	743
645	774
646	707
647	744
648	739
649	728
650	741
651	1170
652	724
653	710
654	732
655	723
656	741
657	694
658	737
659	709
660	703
661	745
662	721
663	720
664	748
665	766
666	739
667	715
668	703
669	720
670	738
671	718
672	700
673	763
674	713
675	728
676	723
677	750
678	801
679	736
680	718
681	719
682	755
683	755
684	731
685	735
686	728
687	714
688	696
689	796
690	709
691	698
692	731
693	732
694	754
695	731
696	754
697	696
698	932
699	732
700	725
701	739
702	803
703	718
704	695
705	767
706	745
707	706
708	719
709	716
710	742
711	812
712	764
713	734
714	704
715	765
716	787
717	716
718	715
719	708
720	683
721	727
722	740
723	833
724	741
725	707
726	751
727	784
728	741
729	763
730	728
731	710
732	730
733	752
734	715
735	726
736	713
737	730
738	748
739	763
740	749
741	726
742	827
743	728
744	714
745	689
746	717
747	728
748	760
749	751
750	725
751	785
752	720
753	706
754	748
755	689
756	704
757	745
758	794
759	713
760	738
761	731
762	709
763	737
764	730
765	703
766	715
767	817
768	719
769	751
770	697
771	758
772	750
773	901
774	703
775	784
776	698
777	773
778	735
779	732
780	744
781	781
782	738
783	732
784	725
785	727
786	739
787	849
788	797
789	778
790	726
791	756
792	751
793	714
794	743
795	740
796	730
797	715
798	741
799	736
800	715
801	765
802	752
803	811
804	720
805	728
806	733
807	740
808	896
809	746
810	748
811	707
812	721
813	784
814	739
815	704
816	818
817	734
818	743
819	739
820	753
821	786
822	768
823	1134
824	768
825	708
826	1261
827	840
828	738
829	721
830	726
831	717
832	759
833	818
834	795
835	740
836	745
837	727
838	711
839	761
840	769
841	840
842	748
843	717
844	724
845	744
846	742
847	751
848	741
849	731
850	750
851	714
852	729
853	743
854	713
855	782
856	764
857	731
858	735
859	724
860	820
861	767
862	739
863	708
864	769
865	755
866	740
867	729
868	723
869	731
870	740
871	734
872	736
873	692
874	749
875	751
876	723
877	847
878	756
879	797
880	772
881	710
882	831
883	744
884	740
885	727
886	775
887	733
888	866
889	779
890	741
891	727
892	727
893	779
894	717
895	1595
896	789
897	715
898	739
899	851
900	728
901	723
902	851
903	719
904	766
905	761
906	856
907	728
908	720
909	748
910	755
911	720
912	790
913	730
914	755
915	788
916	743
917	794
918	804
919	743
920	739
921	721
922	774
923	786
924	757
925	733
926	758
927	746
928	734
929	731
930	746
931	733
932	778
933	759
934	730
935	711
936	725
937	753
938	767
939	735
940	741
941	743
942	857
943	724
944	732
945	763
946	717
947	740
948	835
949	708
950	791
951	743
952	735
953	827
954	762
955	843
956	733
957	842
958	732
959	789
960	736
961	737
962	820
963	725
964	723
965	743
966	726
967	753
968	765
969	819
970	747
971	734
972	723
973	768
974	745
975	790
976	751
977	743
978	787
979	766
980	858
981	723
982	863
983	739
984	769
985	758
986	772
987	799
988	743
989	762
990	765
991	774
992	787
993	724
994	778
995	774
996	754
997	760
998	720
999	763
1000	769
1001	764
1002	762
1003	772
1004	771
1005	768
1006	757
1007	822
1008	828
1009	739
1010	793
1011	767
1012	783
1013	731
1014	767
1015	795
1016	758
1017	785
1018	775
1019	770
1020	764
1021	782
1022	882
1023	799
