Time - Plot 0	Amplitude - Plot 0
0	248
1	262
2	251
3	254
4	250
5	252
6	252
7	251
8	259
9	253
10	253
11	258
12	251
13	253
14	260
15	254
16	255
17	256
18	253
19	253
20	252
21	252
22	267
23	253
24	258
25	256
26	256
27	259
28	271
29	257
30	259
31	262
32	257
33	256
34	262
35	262
36	268
37	253
38	271
39	255
40	256
41	265
42	267
43	268
44	269
45	285
46	259
47	262
48	272
49	264
50	259
51	261
52	262
53	260
54	263
55	258
56	263
57	264
58	270
59	259
60	262
61	265
62	267
63	267
64	276
65	268
66	264
67	268
68	267
69	274
70	263
71	263
72	267
73	266
74	266
75	266
76	269
77	267
78	266
79	267
80	277
81	271
82	265
83	266
84	266
85	266
86	266
87	265
88	265
89	267
90	276
91	268
92	263
93	271
94	266
95	271
96	266
97	269
98	268
99	272
100	268
101	269
102	268
103	271
104	268
105	270
106	265
107	266
108	264
109	279
110	270
111	269
112	280
113	271
114	276
115	266
116	265
117	267
118	263
119	266
120	266
121	262
122	269
123	264
124	260
125	263
126	269
127	269
128	275
129	264
130	270
131	268
132	283
133	270
134	266
135	264
136	269
137	276
138	269
139	261
140	267
141	269
142	266
143	266
144	267
145	276
146	267
147	279
148	262
149	264
150	268
151	265
152	267
153	263
154	265
155	267
156	266
157	267
158	271
159	271
160	263
161	264
162	279
163	265
164	269
165	274
166	269
167	275
168	270
169	267
170	278
171	266
172	268
173	266
174	263
175	265
176	265
177	266
178	271
179	272
180	281
181	273
182	262
183	268
184	266
185	267
186	267
187	271
188	264
189	278
190	269
191	270
192	267
193	268
194	264
195	265
196	268
197	290
198	272
199	262
200	269
201	269
202	262
203	265
204	280
205	264
206	264
207	274
208	281
209	264
210	268
211	264
212	266
213	267
214	267
215	264
216	263
217	267
218	266
219	266
220	265
221	269
222	278
223	280
224	266
225	266
226	269
227	268
228	264
229	268
230	270
231	265
232	265
233	273
234	273
235	269
236	271
237	264
238	269
239	275
240	270
241	268
242	270
243	270
244	269
245	273
246	276
247	279
248	278
249	277
250	278
251	279
252	279
253	280
254	275
255	286
256	278
257	283
258	282
259	283
260	288
261	294
262	288
263	279
264	282
265	285
266	280
267	288
268	281
269	287
270	285
271	285
272	289
273	288
274	281
275	279
276	286
277	283
278	297
279	295
280	280
281	285
282	282
283	286
284	282
285	283
286	282
287	282
288	274
289	277
290	276
291	278
292	292
293	282
294	273
295	271
296	275
297	274
298	277
299	269
300	267
301	275
302	266
303	302
304	279
305	295
306	272
307	276
308	271
309	281
310	272
311	282
312	267
313	271
314	273
315	267
316	269
317	269
318	267
319	271
320	268
321	272
322	265
323	270
324	279
325	268
326	271
327	268
328	268
329	269
330	280
331	276
332	274
333	269
334	275
335	297
336	274
337	283
338	270
339	280
340	270
341	279
342	274
343	271
344	269
345	272
346	273
347	271
348	270
349	270
350	271
351	275
352	271
353	270
354	272
355	275
356	271
357	273
358	270
359	271
360	270
361	274
362	273
363	271
364	270
365	274
366	271
367	270
368	269
369	274
370	270
371	279
372	267
373	273
374	283
375	278
376	279
377	273
378	269
379	275
380	273
381	269
382	272
383	272
384	271
385	271
386	279
387	281
388	269
389	276
390	276
391	279
392	284
393	273
394	282
395	271
396	272
397	278
398	278
399	275
400	274
401	275
402	279
403	276
404	274
405	277
406	278
407	275
408	272
409	271
410	273
411	275
412	274
413	274
414	281
415	274
416	277
417	286
418	273
419	281
420	277
421	278
422	279
423	271
424	287
425	277
426	279
427	277
428	273
429	277
430	274
431	281
432	274
433	275
434	282
435	280
436	275
437	278
438	280
439	274
440	278
441	279
442	276
443	286
444	291
445	287
446	279
447	283
448	312
449	276
450	278
451	283
452	280
453	280
454	277
455	279
456	288
457	276
458	273
459	277
460	287
461	277
462	295
463	283
464	286
465	281
466	282
467	275
468	283
469	281
470	284
471	288
472	285
473	300
474	286
475	285
476	282
477	288
478	284
479	300
480	281
481	286
482	290
483	294
484	283
485	287
486	288
487	288
488	286
489	288
490	289
491	291
492	288
493	288
494	294
495	296
496	291
497	286
498	303
499	294
500	293
501	295
502	293
503	293
504	305
505	304
506	293
507	292
508	300
509	294
510	300
511	296
512	292
513	294
514	303
515	297
516	307
517	295
518	299
519	303
520	300
521	299
522	295
523	304
524	314
525	298
526	306
527	309
528	300
529	305
530	304
531	309
532	308
533	310
534	307
535	318
536	309
537	310
538	310
539	309
540	308
541	319
542	333
543	315
544	318
545	311
546	320
547	321
548	334
549	323
550	324
551	329
552	320
553	324
554	336
555	331
556	330
557	333
558	334
559	341
560	337
561	342
562	340
563	339
564	355
565	346
566	345
567	352
568	350
569	360
570	361
571	354
572	377
573	363
574	367
575	367
576	374
577	375
578	374
579	396
580	381
581	383
582	388
583	391
584	384
585	393
586	393
587	390
588	395
589	401
590	403
591	401
592	402
593	408
594	409
595	420
596	417
597	419
598	434
599	430
600	420
601	425
602	431
603	441
604	431
605	435
606	442
607	433
608	455
609	456
610	437
611	448
612	445
613	449
614	453
615	452
616	458
617	460
618	461
619	451
620	465
621	454
622	460
623	466
624	468
625	469
626	481
627	458
628	471
629	473
630	476
631	469
632	481
633	486
634	478
635	478
636	473
637	466
638	477
639	478
640	478
641	479
642	471
643	477
644	483
645	481
646	476
647	475
648	473
649	476
650	479
651	504
652	478
653	470
654	475
655	465
656	461
657	467
658	473
659	471
660	463
661	467
662	460
663	464
664	466
665	462
666	466
667	453
668	452
669	453
670	456
671	455
672	441
673	452
674	441
675	453
676	436
677	450
678	448
679	435
680	440
681	439
682	432
683	441
684	429
685	435
686	431
687	424
688	418
689	419
690	417
691	415
692	411
693	405
694	408
695	398
696	402
697	391
698	414
699	397
700	386
701	395
702	394
703	388
704	377
705	389
706	386
707	375
708	378
709	369
710	370
711	374
712	386
713	364
714	368
715	367
716	366
717	354
718	355
719	352
720	350
721	342
722	352
723	346
724	335
725	330
726	337
727	340
728	328
729	333
730	325
731	325
732	322
733	322
734	321
735	330
736	322
737	320
738	325
739	322
740	318
741	311
742	327
743	311
744	311
745	311
746	311
747	307
748	312
749	311
750	310
751	313
752	306
753	307
754	311
755	302
756	298
757	304
758	308
759	305
760	299
761	304
762	305
763	305
764	300
765	298
766	295
767	306
768	299
769	299
770	294
771	296
772	295
773	315
774	296
775	301
776	294
777	297
778	300
779	295
780	291
781	293
782	299
783	297
784	292
785	296
786	291
787	302
788	301
789	297
790	297
791	294
792	292
793	293
794	295
795	291
796	291
797	293
798	291
799	289
800	293
801	291
802	291
803	296
804	287
805	292
806	290
807	287
808	305
809	289
810	291
811	285
812	284
813	296
814	291
815	284
816	303
817	292
818	292
819	287
820	287
821	294
822	289
823	323
824	291
825	284
826	333
827	295
828	288
829	285
830	287
831	286
832	289
833	290
834	290
835	284
836	282
837	282
838	287
839	286
840	289
841	295
842	284
843	287
844	282
845	283
846	284
847	286
848	285
849	280
850	285
851	285
852	286
853	287
854	282
855	282
856	282
857	284
858	278
859	280
860	291
861	290
862	283
863	276
864	284
865	285
866	284
867	283
868	285
869	279
870	282
871	283
872	280
873	279
874	281
875	282
876	282
877	292
878	279
879	285
880	284
881	280
882	294
883	281
884	281
885	280
886	284
887	279
888	290
889	284
890	283
891	280
892	275
893	284
894	278
895	357
896	281
897	281
898	279
899	291
900	281
901	277
902	291
903	277
904	283
905	280
906	293
907	281
908	277
909	283
910	282
911	277
912	283
913	281
914	283
915	282
916	279
917	287
918	287
919	279
920	281
921	282
922	287
923	289
924	286
925	279
926	285
927	283
928	277
929	284
930	279
931	280
932	283
933	281
934	279
935	278
936	277
937	281
938	282
939	284
940	278
941	278
942	291
943	280
944	278
945	287
946	280
947	279
948	286
949	278
950	286
951	281
952	283
953	286
954	284
955	286
956	283
957	293
958	280
959	290
960	279
961	282
962	291
963	282
964	283
965	285
966	284
967	282
968	286
969	287
970	282
971	280
972	280
973	285
974	282
975	287
976	287
977	285
978	289
979	282
980	296
981	281
982	288
983	286
984	287
985	282
986	288
987	290
988	283
989	286
990	285
991	289
992	285
993	278
994	286
995	285
996	284
997	287
998	289
999	287
1000	289
1001	285
1002	285
1003	287
1004	285
1005	285
1006	288
1007	293
1008	294
1009	280
1010	294
1011	285
1012	286
1013	287
1014	290
1015	291
1016	290
1017	291
1018	291
1019	293
1020	289
1021	291
1022	305
1023	298
