Time - Plot 0	Amplitude - Plot 0
0	576
1	647
2	535
3	591
4	568
5	578
6	581
7	568
8	609
9	596
10	583
11	609
12	565
13	598
14	631
15	609
16	603
17	597
18	596
19	602
20	593
21	568
22	700
23	604
24	628
25	603
26	634
27	647
28	741
29	601
30	613
31	675
32	631
33	609
34	655
35	694
36	724
37	607
38	765
39	630
40	618
41	695
42	750
43	754
44	745
45	867
46	651
47	677
48	730
49	705
50	668
51	691
52	683
53	663
54	700
55	668
56	695
57	702
58	774
59	673
60	692
61	722
62	701
63	734
64	859
65	752
66	705
67	728
68	726
69	810
70	706
71	701
72	725
73	715
74	723
75	706
76	747
77	727
78	739
79	730
80	808
81	735
82	736
83	720
84	736
85	699
86	719
87	683
88	736
89	718
90	789
91	739
92	702
93	740
94	706
95	759
96	734
97	771
98	724
99	713
100	765
101	734
102	728
103	775
104	735
105	756
106	713
107	730
108	721
109	841
110	736
111	719
112	811
113	797
114	824
115	691
116	730
117	734
118	725
119	677
120	722
121	704
122	739
123	706
124	694
125	688
126	724
127	712
128	793
129	715
130	722
131	736
132	898
133	723
134	705
135	711
136	735
137	810
138	730
139	676
140	730
141	699
142	706
143	702
144	719
145	782
146	671
147	790
148	688
149	727
150	743
151	677
152	699
153	694
154	698
155	714
156	680
157	715
158	718
159	755
160	700
161	702
162	838
163	669
164	685
165	754
166	725
167	771
168	760
169	734
170	787
171	690
172	754
173	689
174	689
175	681
176	711
177	712
178	716
179	786
180	845
181	775
182	679
183	707
184	676
185	692
186	719
187	713
188	667
189	773
190	763
191	747
192	726
193	733
194	691
195	693
196	743
197	931
198	788
199	692
200	721
201	693
202	725
203	715
204	843
205	674
206	654
207	782
208	832
209	689
210	704
211	691
212	678
213	680
214	722
215	704
216	667
217	744
218	715
219	714
220	689
221	716
222	843
223	840
224	700
225	672
226	718
227	707
228	691
229	728
230	710
231	678
232	718
233	754
234	787
235	675
236	740
237	691
238	726
239	794
240	719
241	712
242	711
243	739
244	705
245	715
246	752
247	768
248	749
249	730
250	730
251	711
252	712
253	698
254	684
255	734
256	667
257	701
258	721
259	690
260	771
261	800
262	722
263	692
264	701
265	726
266	684
267	737
268	714
269	757
270	694
271	731
272	741
273	692
274	694
275	690
276	726
277	699
278	810
279	877
280	707
281	715
282	700
283	746
284	696
285	688
286	715
287	702
288	718
289	700
290	707
291	736
292	828
293	740
294	661
295	689
296	754
297	742
298	765
299	703
300	699
301	709
302	690
303	1047
304	741
305	964
306	682
307	692
308	703
309	804
310	701
311	771
312	695
313	681
314	770
315	674
316	715
317	696
318	680
319	718
320	708
321	719
322	700
323	739
324	817
325	701
326	714
327	679
328	691
329	691
330	785
331	758
332	698
333	693
334	695
335	1028
336	734
337	851
338	708
339	800
340	671
341	786
342	702
343	703
344	683
345	698
346	735
347	728
348	705
349	707
350	703
351	728
352	727
353	707
354	715
355	722
356	699
357	704
358	695
359	689
360	697
361	721
362	706
363	690
364	675
365	731
366	689
367	686
368	707
369	697
370	714
371	792
372	695
373	695
374	788
375	752
376	789
377	750
378	711
379	756
380	708
381	711
382	701
383	702
384	722
385	711
386	743
387	830
388	706
389	735
390	731
391	770
392	807
393	692
394	778
395	723
396	723
397	779
398	746
399	706
400	701
401	723
402	794
403	726
404	728
405	765
406	740
407	717
408	685
409	701
410	714
411	699
412	723
413	716
414	791
415	695
416	708
417	798
418	723
419	779
420	720
421	770
422	722
423	706
424	851
425	706
426	710
427	714
428	711
429	705
430	709
431	746
432	698
433	734
434	740
435	748
436	706
437	742
438	723
439	706
440	721
441	711
442	730
443	776
444	849
445	768
446	745
447	721
448	1018
449	719
450	708
451	749
452	731
453	780
454	713
455	753
456	807
457	739
458	695
459	755
460	786
461	724
462	836
463	771
464	806
465	734
466	716
467	711
468	745
469	720
470	745
471	753
472	740
473	887
474	775
475	766
476	732
477	785
478	759
479	888
480	759
481	775
482	782
483	788
484	770
485	777
486	785
487	780
488	786
489	781
490	765
491	767
492	802
493	791
494	856
495	863
496	744
497	777
498	870
499	808
500	840
501	869
502	795
503	802
504	935
505	834
506	804
507	814
508	882
509	837
510	858
511	787
512	792
513	789
514	852
515	820
516	882
517	799
518	815
519	834
520	858
521	847
522	797
523	806
524	911
525	795
526	831
527	830
528	799
529	803
530	785
531	839
532	808
533	843
534	852
535	929
536	815
537	827
538	804
539	815
540	790
541	879
542	1062
543	790
544	833
545	808
546	830
547	820
548	961
549	811
550	818
551	846
552	808
553	807
554	827
555	853
556	812
557	833
558	864
559	828
560	839
561	897
562	853
563	838
564	933
565	814
566	818
567	819
568	845
569	863
570	882
571	829
572	1074
573	848
574	892
575	848
576	870
577	901
578	881
579	974
580	921
581	868
582	926
583	906
584	887
585	916
586	893
587	905
588	944
589	900
590	933
591	923
592	967
593	967
594	984
595	983
596	992
597	985
598	1107
599	1003
600	1005
601	1053
602	1022
603	1098
604	1087
605	1043
606	1114
607	1075
608	1181
609	1225
610	1080
611	1079
612	1109
613	1116
614	1179
615	1134
616	1148
617	1141
618	1140
619	1124
620	1147
621	1154
622	1184
623	1186
624	1167
625	1200
626	1266
627	1190
628	1199
629	1207
630	1203
631	1174
632	1243
633	1236
634	1160
635	1243
636	1178
637	1175
638	1219
639	1147
640	1207
641	1218
642	1169
643	1227
644	1199
645	1234
646	1155
647	1185
648	1162
649	1148
650	1152
651	1593
652	1124
653	1117
654	1121
655	1099
656	1122
657	1069
658	1126
659	1073
660	1054
661	1095
662	1067
663	1071
664	1070
665	1073
666	1075
667	1024
668	1007
669	1022
670	1021
671	1007
672	1000
673	1041
674	984
675	989
676	959
677	990
678	1038
679	958
680	939
681	942
682	960
683	952
684	929
685	937
686	918
687	914
688	879
689	974
690	872
691	878
692	903
693	884
694	897
695	875
696	884
697	853
698	1062
699	875
700	870
701	901
702	914
703	827
704	807
705	858
706	867
707	812
708	836
709	820
710	845
711	920
712	849
713	809
714	785
715	857
716	884
717	810
718	810
719	786
720	779
721	798
722	820
723	903
724	811
725	784
726	825
727	827
728	818
729	843
730	781
731	776
732	792
733	810
734	772
735	793
736	771
737	791
738	805
739	820
740	810
741	777
742	891
743	787
744	762
745	753
746	754
747	768
748	804
749	800
750	775
751	835
752	758
753	752
754	785
755	737
756	745
757	797
758	821
759	766
760	761
761	774
762	758
763	764
764	747
765	745
766	762
767	845
768	761
769	773
770	739
771	789
772	771
773	936
774	743
775	818
776	736
777	807
778	762
779	743
780	759
781	788
782	763
783	757
784	760
785	762
786	753
787	874
788	828
789	801
790	761
791	781
792	759
793	738
794	788
795	762
796	774
797	747
798	770
799	745
800	755
801	774
802	775
803	823
804	730
805	755
806	754
807	764
808	927
809	786
810	768
811	741
812	744
813	805
814	751
815	719
816	855
817	733
818	759
819	760
820	797
821	792
822	772
823	1148
824	785
825	727
826	1263
827	851
828	744
829	718
830	752
831	723
832	780
833	839
834	798
835	755
836	743
837	720
838	727
839	774
840	783
841	859
842	761
843	737
844	734
845	757
846	740
847	750
848	753
849	729
850	750
851	739
852	753
853	751
854	714
855	787
856	781
857	747
858	735
859	741
860	831
861	774
862	756
863	704
864	770
865	771
866	747
867	728
868	741
869	734
870	747
871	749
872	732
873	693
874	751
875	751
876	712
877	836
878	751
879	789
880	773
881	736
882	840
883	749
884	742
885	738
886	753
887	749
888	861
889	771
890	736
891	725
892	723
893	784
894	739
895	1577
896	784
897	727
898	751
899	855
900	731
901	721
902	871
903	713
904	772
905	756
906	841
907	727
908	734
909	751
910	756
911	709
912	794
913	728
914	757
915	783
916	742
917	797
918	812
919	731
920	739
921	731
922	775
923	761
924	763
925	741
926	783
927	726
928	740
929	744
930	753
931	736
932	781
933	741
934	732
935	709
936	736
937	754
938	765
939	729
940	742
941	747
942	834
943	720
944	730
945	765
946	720
947	747
948	835
949	702
950	790
951	734
952	748
953	839
954	753
955	833
956	742
957	837
958	735
959	792
960	724
961	742
962	830
963	719
964	725
965	742
966	741
967	746
968	777
969	825
970	755
971	743
972	722
973	769
974	742
975	795
976	745
977	738
978	795
979	768
980	869
981	718
982	860
983	730
984	755
985	760
986	763
987	803
988	749
989	783
990	759
991	777
992	779
993	735
994	773
995	778
996	764
997	763
998	730
999	753
1000	781
1001	765
1002	764
1003	777
1004	794
1005	770
1006	761
1007	819
1008	830
1009	743
1010	796
1011	749
1012	786
1013	752
1014	756
1015	793
1016	754
1017	773
1018	767
1019	770
1020	798
1021	787
1022	887
1023	800
