Time - Plot 0	Amplitude - Plot 0
0	585
1	671
2	559
3	622
4	574
5	597
6	595
7	593
8	628
9	607
10	600
11	632
12	583
13	620
14	650
15	633
16	605
17	622
18	635
19	630
20	613
21	594
22	719
23	622
24	652
25	620
26	644
27	680
28	768
29	638
30	623
31	701
32	654
33	637
34	679
35	727
36	769
37	640
38	814
39	655
40	640
41	720
42	768
43	783
44	778
45	898
46	684
47	717
48	778
49	737
50	705
51	722
52	718
53	690
54	722
55	708
56	737
57	723
58	825
59	701
60	735
61	748
62	722
63	767
64	892
65	796
66	759
67	742
68	763
69	847
70	748
71	756
72	761
73	747
74	762
75	755
76	775
77	755
78	784
79	769
80	857
81	776
82	762
83	759
84	759
85	737
86	774
87	743
88	765
89	755
90	835
91	784
92	737
93	777
94	751
95	808
96	765
97	786
98	771
99	747
100	809
101	778
102	764
103	814
104	779
105	789
106	755
107	776
108	762
109	859
110	772
111	749
112	851
113	838
114	861
115	740
116	774
117	759
118	743
119	740
120	747
121	733
122	782
123	757
124	743
125	724
126	759
127	762
128	827
129	741
130	760
131	770
132	918
133	747
134	745
135	727
136	771
137	828
138	760
139	722
140	755
141	722
142	742
143	739
144	746
145	816
146	708
147	848
148	700
149	763
150	771
151	716
152	746
153	730
154	743
155	748
156	711
157	744
158	763
159	783
160	731
161	753
162	858
163	707
164	724
165	780
166	762
167	797
168	793
169	759
170	834
171	725
172	783
173	726
174	712
175	715
176	727
177	751
178	759
179	819
180	876
181	817
182	700
183	741
184	718
185	738
186	755
187	743
188	698
189	798
190	785
191	774
192	754
193	763
194	723
195	724
196	791
197	982
198	823
199	739
200	762
201	725
202	740
203	733
204	872
205	731
206	690
207	827
208	866
209	732
210	730
211	726
212	716
213	712
214	758
215	734
216	709
217	767
218	747
219	731
220	727
221	739
222	878
223	864
224	746
225	684
226	741
227	733
228	711
229	761
230	746
231	710
232	742
233	779
234	803
235	699
236	774
237	708
238	763
239	816
240	763
241	745
242	734
243	782
244	737
245	741
246	770
247	794
248	778
249	755
250	748
251	722
252	736
253	716
254	697
255	758
256	704
257	733
258	752
259	723
260	799
261	845
262	763
263	730
264	742
265	772
266	707
267	766
268	729
269	794
270	734
271	759
272	768
273	734
274	727
275	731
276	763
277	726
278	840
279	906
280	760
281	749
282	726
283	779
284	724
285	719
286	763
287	750
288	737
289	740
290	739
291	777
292	861
293	776
294	705
295	735
296	809
297	775
298	794
299	737
300	720
301	741
302	717
303	1079
304	782
305	1016
306	711
307	731
308	725
309	831
310	715
311	811
312	723
313	718
314	793
315	713
316	727
317	716
318	725
319	731
320	748
321	753
322	715
323	776
324	838
325	723
326	727
327	717
328	723
329	726
330	815
331	788
332	719
333	715
334	736
335	1059
336	768
337	887
338	733
339	834
340	701
341	802
342	733
343	727
344	730
345	721
346	756
347	750
348	721
349	738
350	736
351	765
352	757
353	728
354	746
355	758
356	728
357	722
358	725
359	732
360	738
361	754
362	753
363	711
364	695
365	750
366	719
367	717
368	739
369	731
370	737
371	826
372	724
373	715
374	826
375	774
376	813
377	771
378	733
379	800
380	741
381	742
382	735
383	738
384	744
385	734
386	771
387	849
388	730
389	742
390	747
391	777
392	841
393	721
394	791
395	747
396	738
397	785
398	766
399	742
400	725
401	737
402	828
403	759
404	743
405	790
406	761
407	754
408	703
409	723
410	724
411	727
412	753
413	736
414	829
415	746
416	732
417	840
418	745
419	787
420	747
421	805
422	747
423	725
424	872
425	739
426	735
427	746
428	722
429	732
430	744
431	763
432	720
433	764
434	755
435	784
436	720
437	768
438	747
439	727
440	730
441	727
442	752
443	791
444	869
445	781
446	766
447	739
448	1025
449	750
450	721
451	780
452	748
453	792
454	729
455	775
456	822
457	759
458	710
459	767
460	810
461	734
462	854
463	783
464	823
465	742
466	731
467	724
468	761
469	744
470	767
471	764
472	750
473	885
474	789
475	780
476	746
477	809
478	769
479	901
480	766
481	774
482	812
483	793
484	784
485	783
486	795
487	794
488	782
489	806
490	779
491	791
492	811
493	812
494	869
495	877
496	768
497	777
498	907
499	822
500	862
501	881
502	810
503	819
504	931
505	845
506	823
507	815
508	905
509	853
510	862
511	793
512	814
513	803
514	868
515	823
516	892
517	788
518	832
519	834
520	865
521	864
522	793
523	813
524	886
525	784
526	832
527	843
528	805
529	810
530	789
531	832
532	811
533	827
534	861
535	936
536	821
537	803
538	788
539	799
540	783
541	850
542	1039
543	773
544	819
545	783
546	804
547	774
548	928
549	788
550	794
551	808
552	775
553	757
554	773
555	809
556	762
557	776
558	805
559	789
560	776
561	821
562	796
563	777
564	864
565	743
566	722
567	741
568	738
569	775
570	791
571	735
572	964
573	728
574	786
575	741
576	731
577	772
578	770
579	835
580	784
581	722
582	778
583	756
584	717
585	753
586	731
587	732
588	775
589	692
590	740
591	728
592	763
593	753
594	752
595	758
596	744
597	730
598	854
599	745
600	743
601	776
602	738
603	811
604	798
605	745
606	802
607	747
608	859
609	895
610	732
611	724
612	738
613	736
614	787
615	723
616	755
617	741
618	724
619	727
620	734
621	755
622	761
623	748
624	722
625	768
626	824
627	759
628	773
629	769
630	742
631	724
632	793
633	763
634	721
635	804
636	725
637	729
638	759
639	709
640	753
641	776
642	734
643	784
644	784
645	769
646	733
647	764
648	754
649	746
650	760
651	1213
652	752
653	731
654	761
655	743
656	769
657	728
658	752
659	731
660	719
661	773
662	743
663	749
664	757
665	787
666	776
667	748
668	735
669	754
670	764
671	752
672	724
673	783
674	738
675	766
676	743
677	765
678	819
679	743
680	738
681	761
682	798
683	774
684	743
685	755
686	752
687	735
688	707
689	823
690	738
691	739
692	751
693	774
694	782
695	749
696	765
697	715
698	955
699	757
700	762
701	780
702	827
703	746
704	725
705	774
706	776
707	733
708	739
709	750
710	764
711	846
712	780
713	742
714	716
715	781
716	817
717	756
718	748
719	739
720	718
721	742
722	770
723	850
724	761
725	730
726	784
727	790
728	772
729	806
730	760
731	718
732	756
733	762
734	746
735	745
736	740
737	766
738	780
739	799
740	753
741	767
742	862
743	741
744	733
745	735
746	736
747	751
748	795
749	787
750	756
751	813
752	743
753	733
754	753
755	713
756	739
757	783
758	801
759	747
760	751
761	765
762	735
763	754
764	754
765	731
766	749
767	834
768	740
769	767
770	724
771	779
772	759
773	956
774	729
775	799
776	722
777	795
778	762
779	749
780	757
781	782
782	765
783	762
784	751
785	755
786	767
787	894
788	825
789	801
790	748
791	785
792	772
793	743
794	781
795	764
796	778
797	743
798	767
799	772
800	743
801	768
802	776
803	838
804	738
805	751
806	761
807	776
808	920
809	750
810	765
811	732
812	742
813	807
814	756
815	735
816	863
817	742
818	776
819	774
820	791
821	808
822	790
823	1167
824	784
825	747
826	1290
827	858
828	772
829	741
830	754
831	743
832	787
833	840
834	809
835	771
836	770
837	749
838	740
839	779
840	795
841	890
842	769
843	738
844	756
845	771
846	766
847	784
848	770
849	759
850	777
851	750
852	779
853	763
854	730
855	807
856	789
857	754
858	759
859	766
860	857
861	801
862	778
863	720
864	789
865	778
866	761
867	749
868	769
869	753
870	767
871	760
872	759
873	703
874	777
875	772
876	749
877	866
878	762
879	806
880	788
881	747
882	860
883	779
884	781
885	750
886	796
887	759
888	874
889	792
890	760
891	756
892	738
893	796
894	760
895	1607
896	806
897	754
898	755
899	874
900	747
901	746
902	894
903	744
904	779
905	781
906	868
907	765
908	744
909	776
910	780
911	735
912	815
913	746
914	794
915	794
916	758
917	818
918	837
919	769
920	754
921	740
922	793
923	799
924	791
925	772
926	788
927	752
928	751
929	755
930	770
931	775
932	808
933	776
934	757
935	747
936	760
937	788
938	782
939	757
940	764
941	770
942	869
943	750
944	766
945	778
946	754
947	764
948	865
949	744
950	820
951	762
952	774
953	854
954	777
955	856
956	748
957	855
958	754
959	815
960	765
961	755
962	847
963	766
964	746
965	764
966	761
967	770
968	785
969	846
970	779
971	762
972	759
973	797
974	769
975	835
976	760
977	764
978	814
979	784
980	878
981	763
982	884
983	756
984	794
985	782
986	795
987	826
988	765
989	794
990	791
991	803
992	800
993	759
994	799
995	793
996	786
997	776
998	755
999	779
1000	790
1001	788
1002	783
1003	801
1004	802
1005	797
1006	775
1007	845
1008	838
1009	768
1010	813
1011	794
1012	792
1013	772
1014	781
1015	823
1016	775
1017	796
1018	793
1019	805
1020	822
1021	808
1022	905
1023	831
