Time - Plot 0	Amplitude - Plot 0
0	395
1	434
2	373
3	403
4	387
5	392
6	394
7	385
8	412
9	398
10	389
11	404
12	380
13	408
14	424
15	420
16	403
17	395
18	416
19	415
20	403
21	394
22	454
23	409
24	424
25	406
26	421
27	439
28	473
29	406
30	409
31	442
32	416
33	410
34	428
35	451
36	475
37	407
38	504
39	424
40	415
41	449
42	475
43	488
44	481
45	544
46	439
47	443
48	476
49	459
50	447
51	442
52	452
53	438
54	449
55	436
56	453
57	451
58	493
59	436
60	446
61	463
62	453
63	471
64	525
65	469
66	451
67	461
68	466
69	508
70	457
71	453
72	463
73	451
74	463
75	458
76	468
77	457
78	474
79	466
80	498
81	469
82	462
83	458
84	456
85	449
86	466
87	443
88	468
89	457
90	495
91	465
92	448
93	464
94	452
95	484
96	463
97	479
98	461
99	461
100	482
101	460
102	458
103	489
104	470
105	475
106	452
107	461
108	459
109	504
110	468
111	454
112	515
113	496
114	510
115	452
116	464
117	459
118	455
119	450
120	459
121	454
122	475
123	457
124	451
125	440
126	463
127	465
128	498
129	444
130	456
131	472
132	539
133	462
134	450
135	457
136	471
137	500
138	467
139	450
140	456
141	443
142	442
143	451
144	456
145	496
146	425
147	498
148	428
149	458
150	474
151	433
152	450
153	444
154	444
155	463
156	436
157	457
158	471
159	478
160	444
161	459
162	504
163	440
164	442
165	479
166	459
167	482
168	474
169	468
170	500
171	452
172	480
173	445
174	443
175	439
176	444
177	462
178	470
179	491
180	518
181	479
182	439
183	453
184	433
185	456
186	460
187	454
188	442
189	479
190	478
191	470
192	467
193	463
194	445
195	450
196	469
197	564
198	490
199	447
200	467
201	447
202	462
203	454
204	517
205	445
206	424
207	499
208	505
209	445
210	448
211	448
212	442
213	440
214	463
215	448
216	435
217	459
218	461
219	450
220	441
221	448
222	514
223	515
224	454
225	434
226	452
227	457
228	441
229	464
230	452
231	451
232	461
233	479
234	484
235	441
236	467
237	439
238	468
239	498
240	461
241	464
242	464
243	477
244	470
245	481
246	511
247	533
248	531
249	537
250	551
251	552
252	569
253	574
254	580
255	594
256	585
257	590
258	590
259	595
260	622
261	619
262	607
263	592
264	588
265	612
266	583
267	600
268	595
269	632
270	582
271	602
272	602
273	589
274	586
275	595
276	598
277	596
278	641
279	686
280	588
281	589
282	575
283	590
284	564
285	558
286	564
287	551
288	556
289	531
290	542
291	553
292	582
293	531
294	483
295	482
296	519
297	500
298	509
299	475
300	474
301	486
302	468
303	653
304	501
305	609
306	455
307	464
308	471
309	528
310	459
311	498
312	466
313	463
314	498
315	447
316	470
317	465
318	457
319	481
320	470
321	485
322	465
323	481
324	519
325	466
326	474
327	455
328	461
329	464
330	507
331	503
332	464
333	458
334	463
335	638
336	482
337	543
338	474
339	512
340	451
341	501
342	467
343	462
344	459
345	463
346	480
347	479
348	471
349	455
350	471
351	479
352	482
353	460
354	475
355	475
356	459
357	467
358	463
359	458
360	468
361	478
362	464
363	455
364	439
365	486
366	464
367	463
368	471
369	469
370	470
371	510
372	463
373	456
374	513
375	493
376	509
377	498
378	462
379	495
380	467
381	470
382	461
383	469
384	484
385	468
386	484
387	531
388	461
389	473
390	474
391	496
392	527
393	463
394	507
395	473
396	472
397	498
398	495
399	464
400	464
401	463
402	514
403	474
404	482
405	499
406	485
407	474
408	451
409	458
410	459
411	473
412	479
413	471
414	521
415	462
416	471
417	521
418	475
419	512
420	472
421	499
422	477
423	466
424	530
425	462
426	471
427	471
428	463
429	456
430	467
431	479
432	457
433	480
434	488
435	483
436	456
437	479
438	469
439	461
440	462
441	460
442	471
443	499
444	531
445	504
446	480
447	464
448	624
449	476
450	461
451	487
452	475
453	498
454	476
455	489
456	517
457	469
458	463
459	487
460	609
461	579
462	527
463	492
464	507
465	468
466	472
467	461
468	486
469	476
470	474
471	494
472	558
473	857
474	568
475	491
476	473
477	507
478	485
479	550
480	482
481	489
482	488
483	498
484	484
485	483
486	493
487	495
488	483
489	484
490	485
491	484
492	493
493	480
494	521
495	530
496	470
497	479
498	536
499	490
500	531
501	530
502	488
503	491
504	555
505	522
506	497
507	493
508	539
509	509
510	522
511	488
512	484
513	488
514	518
515	496
516	544
517	476
518	512
519	509
520	516
521	520
522	493
523	502
524	543
525	478
526	503
527	502
528	491
529	488
530	488
531	511
532	514
533	503
534	517
535	550
536	493
537	499
538	495
539	492
540	489
541	523
542	610
543	487
544	496
545	477
546	497
547	489
548	556
549	490
550	491
551	503
552	478
553	479
554	486
555	502
556	482
557	497
558	507
559	489
560	486
561	513
562	499
563	489
564	538
565	466
566	477
567	480
568	482
569	499
570	502
571	478
572	598
573	484
574	508
575	473
576	477
577	498
578	486
579	525
580	509
581	470
582	499
583	492
584	477
585	482
586	480
587	479
588	495
589	461
590	490
591	474
592	493
593	489
594	492
595	496
596	489
597	476
598	544
599	486
600	494
601	513
602	480
603	522
604	518
605	487
606	529
607	491
608	543
609	567
610	483
611	486
612	493
613	493
614	504
615	483
616	506
617	496
618	468
619	480
620	494
621	493
622	490
623	490
624	480
625	500
626	519
627	494
628	498
629	499
630	487
631	476
632	508
633	503
634	477
635	512
636	475
637	473
638	495
639	475
640	488
641	498
642	474
643	509
644	505
645	511
646	471
647	487
648	492
649	480
650	483
651	707
652	488
653	469
654	495
655	479
656	484
657	468
658	491
659	470
660	475
661	493
662	492
663	491
664	499
665	501
666	500
667	479
668	473
669	487
670	501
671	492
672	491
673	525
674	513
675	531
676	550
677	569
678	608
679	579
680	574
681	599
682	606
683	627
684	604
685	611
686	608
687	599
688	590
689	636
690	594
691	594
692	598
693	611
694	614
695	605
696	614
697	602
698	698
699	612
700	609
701	624
702	643
703	607
704	603
705	608
706	620
707	581
708	593
709	605
710	603
711	641
712	613
713	586
714	582
715	610
716	615
717	577
718	566
719	563
720	563
721	570
722	568
723	588
724	542
725	513
726	523
727	536
728	519
729	516
730	500
731	483
732	503
733	505
734	487
735	493
736	480
737	488
738	501
739	511
740	502
741	493
742	543
743	492
744	473
745	477
746	476
747	483
748	498
749	493
750	479
751	508
752	476
753	474
754	491
755	462
756	469
757	498
758	511
759	481
760	476
761	487
762	471
763	485
764	483
765	479
766	473
767	524
768	478
769	475
770	475
771	485
772	488
773	563
774	469
775	506
776	462
777	496
778	491
779	482
780	484
781	499
782	482
783	487
784	484
785	476
786	482
787	538
788	526
789	506
790	477
791	491
792	490
793	475
794	493
795	481
796	494
797	485
798	492
799	481
800	483
801	488
802	498
803	518
804	474
805	486
806	486
807	483
808	560
809	491
810	495
811	473
812	475
813	507
814	480
815	471
816	523
817	482
818	495
819	481
820	494
821	500
822	499
823	687
824	500
825	468
826	734
827	537
828	488
829	464
830	484
831	473
832	506
833	536
834	508
835	486
836	493
837	477
838	471
839	498
840	506
841	547
842	491
843	483
844	494
845	491
846	493
847	490
848	490
849	482
850	489
851	483
852	496
853	486
854	469
855	504
856	497
857	487
858	486
859	480
860	527
861	496
862	492
863	469
864	494
865	500
866	488
867	476
868	477
869	475
870	482
871	488
872	476
873	454
874	498
875	480
876	475
877	538
878	483
879	506
880	502
881	474
882	530
883	494
884	488
885	472
886	504
887	489
888	549
889	502
890	489
891	485
892	474
893	497
894	474
895	904
896	507
897	479
898	482
899	546
900	489
901	478
902	554
903	472
904	498
905	500
906	536
907	484
908	478
909	492
910	497
911	472
912	511
913	471
914	496
915	502
916	482
917	512
918	518
919	487
920	484
921	485
922	508
923	504
924	501
925	490
926	495
927	493
928	486
929	481
930	490
931	483
932	505
933	487
934	472
935	475
936	482
937	493
938	499
939	482
940	475
941	485
942	539
943	472
944	479
945	497
946	473
947	490
948	542
949	467
950	505
951	478
952	489
953	536
954	499
955	531
956	484
957	542
958	475
959	512
960	489
961	492
962	526
963	483
964	474
965	489
966	485
967	500
968	499
969	530
970	497
971	480
972	486
973	498
974	482
975	512
976	493
977	486
978	515
979	504
980	546
981	490
982	568
983	496
984	503
985	519
986	511
987	530
988	504
989	515
990	512
991	523
992	525
993	495
994	529
995	520
996	520
997	516
998	495
999	517
1000	522
1001	516
1002	510
1003	520
1004	522
1005	518
1006	508
1007	544
1008	544
1009	503
1010	523
1011	504
1012	515
1013	503
1014	507
1015	520
1016	497
1017	516
1018	513
1019	516
1020	526
1021	524
1022	578
1023	518
