Time - Plot 0	Amplitude - Plot 0
0	335
1	357
2	323
3	346
4	325
5	333
6	327
7	326
8	346
9	335
10	333
11	346
12	324
13	342
14	352
15	343
16	337
17	345
18	338
19	338
20	340
21	326
22	376
23	347
24	345
25	335
26	351
27	359
28	386
29	335
30	340
31	362
32	346
33	347
34	355
35	368
36	376
37	339
38	397
39	342
40	341
41	363
42	381
43	390
44	380
45	404
46	355
47	362
48	372
49	363
50	352
51	363
52	357
53	354
54	365
55	354
56	364
57	363
58	387
59	351
60	365
61	368
62	362
63	375
64	409
65	372
66	365
67	361
68	365
69	400
70	363
71	365
72	365
73	361
74	367
75	368
76	375
77	362
78	377
79	364
80	393
81	370
82	367
83	361
84	366
85	355
86	377
87	361
88	368
89	360
90	390
91	372
92	362
93	376
94	365
95	372
96	368
97	377
98	366
99	366
100	376
101	371
102	371
103	381
104	372
105	372
106	367
107	375
108	365
109	402
110	367
111	363
112	399
113	387
114	403
115	359
116	374
117	366
118	371
119	363
120	363
121	362
122	383
123	360
124	366
125	352
126	365
127	367
128	396
129	368
130	366
131	375
132	421
133	370
134	369
135	363
136	375
137	394
138	378
139	353
140	367
141	361
142	356
143	355
144	365
145	391
146	347
147	396
148	357
149	367
150	370
151	360
152	368
153	361
154	362
155	363
156	354
157	366
158	371
159	382
160	356
161	368
162	407
163	349
164	361
165	377
166	368
167	378
168	382
169	378
170	395
171	362
172	376
173	356
174	354
175	355
176	359
177	365
178	373
179	382
180	405
181	389
182	350
183	367
184	353
185	359
186	358
187	365
188	351
189	381
190	380
191	371
192	372
193	373
194	360
195	359
196	377
197	440
198	388
199	362
200	371
201	359
202	366
203	363
204	409
205	355
206	345
207	403
208	403
209	361
210	364
211	357
212	360
213	356
214	367
215	358
216	348
217	379
218	365
219	363
220	357
221	365
222	414
223	411
224	361
225	347
226	364
227	368
228	354
229	372
230	365
231	366
232	364
233	379
234	387
235	351
236	375
237	359
238	377
239	395
240	378
241	365
242	367
243	380
244	369
245	381
246	400
247	405
248	408
249	408
250	417
251	420
252	418
253	424
254	418
255	430
256	412
257	435
258	438
259	426
260	459
261	452
262	441
263	431
264	430
265	443
266	430
267	436
268	432
269	450
270	431
271	428
272	440
273	422
274	432
275	429
276	435
277	430
278	472
279	487
280	427
281	431
282	429
283	435
284	422
285	416
286	420
287	417
288	415
289	408
290	409
291	416
292	439
293	411
294	382
295	382
296	395
297	395
298	395
299	379
300	370
301	381
302	370
303	485
304	391
305	459
306	369
307	370
308	371
309	403
310	372
311	395
312	367
313	362
314	395
315	369
316	373
317	365
318	374
319	366
320	370
321	376
322	367
323	381
324	402
325	375
326	376
327	366
328	365
329	370
330	391
331	387
332	362
333	358
334	364
335	483
336	384
337	419
338	370
339	408
340	357
341	395
342	372
343	361
344	360
345	364
346	378
347	375
348	364
349	366
350	371
351	378
352	373
353	364
354	370
355	371
356	367
357	367
358	362
359	364
360	367
361	379
362	371
363	360
364	361
365	382
366	360
367	360
368	372
369	359
370	374
371	393
372	361
373	371
374	396
375	386
376	395
377	384
378	365
379	386
380	373
381	369
382	363
383	366
384	374
385	372
386	372
387	412
388	374
389	377
390	387
391	386
392	406
393	365
394	388
395	376
396	376
397	389
398	380
399	364
400	362
401	371
402	399
403	378
404	374
405	387
406	377
407	376
408	358
409	370
410	363
411	370
412	371
413	373
414	403
415	368
416	378
417	403
418	379
419	390
420	378
421	384
422	380
423	364
424	410
425	369
426	374
427	373
428	371
429	370
430	370
431	384
432	362
433	374
434	385
435	386
436	364
437	378
438	385
439	364
440	370
441	367
442	371
443	386
444	413
445	390
446	376
447	366
448	468
449	376
450	365
451	384
452	377
453	395
454	372
455	386
456	391
457	375
458	367
459	376
460	391
461	370
462	408
463	382
464	391
465	374
466	364
467	363
468	378
469	370
470	376
471	375
472	375
473	423
474	387
475	389
476	372
477	394
478	380
479	424
480	374
481	382
482	386
483	387
484	372
485	372
486	388
487	382
488	384
489	385
490	378
491	374
492	382
493	375
494	400
495	405
496	377
497	375
498	411
499	382
500	395
501	407
502	372
503	380
504	422
505	394
506	385
507	388
508	412
509	393
510	404
511	373
512	381
513	383
514	393
515	384
516	407
517	372
518	380
519	389
520	398
521	396
522	373
523	383
524	404
525	382
526	390
527	391
528	385
529	377
530	384
531	391
532	389
533	390
534	399
535	419
536	386
537	381
538	378
539	379
540	375
541	394
542	459
543	372
544	391
545	371
546	379
547	373
548	426
549	377
550	375
551	381
552	372
553	369
554	384
555	385
556	376
557	377
558	382
559	380
560	379
561	397
562	385
563	375
564	403
565	373
566	365
567	372
568	370
569	386
570	382
571	366
572	435
573	366
574	381
575	368
576	375
577	389
578	375
579	403
580	387
581	373
582	382
583	376
584	368
585	378
586	365
587	363
588	380
589	356
590	372
591	361
592	380
593	375
594	380
595	373
596	372
597	370
598	408
599	372
600	371
601	383
602	371
603	399
604	393
605	370
606	394
607	372
608	408
609	427
610	374
611	365
612	365
613	375
614	390
615	365
616	378
617	372
618	361
619	366
620	367
621	377
622	372
623	374
624	368
625	378
626	397
627	375
628	377
629	384
630	370
631	366
632	397
633	380
634	367
635	390
636	366
637	366
638	376
639	367
640	383
641	381
642	370
643	390
644	381
645	388
646	368
647	384
648	376
649	373
650	378
651	517
652	374
653	368
654	378
655	374
656	379
657	368
658	381
659	378
660	373
661	383
662	380
663	377
664	385
665	394
666	386
667	374
668	372
669	381
670	388
671	384
672	378
673	405
674	398
675	411
676	406
677	422
678	440
679	427
680	429
681	433
682	439
683	435
684	431
685	439
686	432
687	434
688	418
689	459
690	426
691	430
692	443
693	431
694	443
695	434
696	441
697	423
698	507
699	437
700	440
701	442
702	464
703	425
704	428
705	443
706	445
707	433
708	433
709	429
710	443
711	462
712	446
713	428
714	424
715	442
716	451
717	425
718	429
719	418
720	409
721	414
722	425
723	425
724	403
725	388
726	403
727	403
728	395
729	404
730	389
731	373
732	388
733	389
734	380
735	381
736	375
737	382
738	388
739	397
740	388
741	380
742	415
743	383
744	378
745	380
746	373
747	370
748	389
749	387
750	378
751	400
752	374
753	372
754	380
755	363
756	374
757	384
758	396
759	384
760	380
761	381
762	369
763	380
764	373
765	378
766	378
767	404
768	375
769	386
770	373
771	387
772	383
773	443
774	375
775	393
776	368
777	396
778	383
779	376
780	380
781	391
782	382
783	376
784	375
785	382
786	381
787	416
788	403
789	397
790	382
791	392
792	382
793	375
794	389
795	372
796	388
797	366
798	384
799	379
800	369
801	388
802	391
803	403
804	369
805	380
806	378
807	374
808	431
809	377
810	377
811	374
812	370
813	393
814	380
815	370
816	410
817	376
818	384
819	379
820	395
821	392
822	389
823	515
824	390
825	372
826	540
827	413
828	380
829	371
830	375
831	371
832	387
833	403
834	399
835	379
836	381
837	375
838	372
839	389
840	394
841	424
842	381
843	368
844	373
845	391
846	380
847	388
848	381
849	379
850	383
851	374
852	386
853	379
854	373
855	403
856	387
857	382
858	381
859	382
860	407
861	397
862	380
863	372
864	387
865	381
866	384
867	370
868	378
869	370
870	382
871	377
872	374
873	362
874	385
875	387
876	371
877	411
878	379
879	394
880	393
881	376
882	414
883	392
884	384
885	376
886	391
887	389
888	422
889	393
890	378
891	374
892	381
893	390
894	375
895	655
896	392
897	381
898	375
899	425
900	376
901	375
902	425
903	375
904	388
905	387
906	419
907	372
908	375
909	382
910	388
911	373
912	405
913	378
914	387
915	390
916	384
917	398
918	404
919	378
920	377
921	376
922	390
923	400
924	386
925	380
926	394
927	385
928	380
929	382
930	389
931	376
932	392
933	384
934	372
935	371
936	385
937	392
938	392
939	372
940	380
941	383
942	419
943	371
944	373
945	388
946	379
947	376
948	419
949	362
950	396
951	382
952	383
953	412
954	392
955	415
956	378
957	416
958	380
959	400
960	380
961	379
962	417
963	374
964	378
965	384
966	382
967	386
968	395
969	415
970	385
971	383
972	376
973	387
974	391
975	403
976	385
977	381
978	400
979	390
980	422
981	378
982	418
983	386
984	387
985	389
986	397
987	400
988	375
989	390
990	387
991	396
992	388
993	380
994	394
995	389
996	392
997	387
998	379
999	392
1000	393
1001	395
1002	387
1003	394
1004	392
1005	396
1006	387
1007	403
1008	409
1009	386
1010	392
1011	389
1012	394
1013	383
1014	391
1015	400
1016	395
1017	393
1018	394
1019	386
1020	393
1021	400
1022	434
1023	400
