Time - Plot 0	Amplitude - Plot 0
0	332
1	359
2	321
3	344
4	332
5	344
6	330
7	333
8	347
9	333
10	340
11	349
12	333
13	340
14	360
15	345
16	339
17	341
18	343
19	343
20	339
21	332
22	370
23	340
24	352
25	343
26	350
27	356
28	392
29	340
30	341
31	359
32	345
33	350
34	355
35	367
36	391
37	340
38	404
39	340
40	349
41	366
42	387
43	392
44	390
45	421
46	352
47	364
48	379
49	371
50	356
51	365
52	366
53	361
54	363
55	367
56	363
57	360
58	397
59	358
60	362
61	373
62	370
63	380
64	411
65	384
66	369
67	366
68	372
69	407
70	360
71	365
72	373
73	367
74	370
75	370
76	374
77	372
78	379
79	377
80	399
81	377
82	367
83	376
84	368
85	366
86	374
87	367
88	383
89	369
90	389
91	385
92	364
93	373
94	366
95	382
96	373
97	380
98	370
99	372
100	381
101	375
102	369
103	384
104	372
105	377
106	369
107	376
108	372
109	406
110	376
111	368
112	398
113	394
114	416
115	367
116	376
117	377
118	367
119	365
120	373
121	361
122	381
123	360
124	369
125	357
126	375
127	382
128	403
129	368
130	368
131	375
132	431
133	379
134	371
135	361
136	378
137	395
138	376
139	362
140	368
141	364
142	366
143	360
144	373
145	391
146	349
147	392
148	358
149	378
150	373
151	358
152	369
153	357
154	367
155	371
156	358
157	374
158	373
159	377
160	360
161	373
162	406
163	355
164	367
165	380
166	377
167	390
168	385
169	380
170	394
171	363
172	382
173	361
174	360
175	356
176	370
177	369
178	376
179	390
180	405
181	392
182	355
183	368
184	361
185	367
186	375
187	373
188	356
189	389
190	388
191	376
192	372
193	369
194	365
195	363
196	379
197	454
198	395
199	368
200	372
201	363
202	368
203	367
204	417
205	358
206	351
207	400
208	408
209	363
210	363
211	359
212	360
213	350
214	374
215	367
216	361
217	372
218	369
219	363
220	365
221	370
222	413
223	414
224	378
225	356
226	365
227	374
228	359
229	380
230	362
231	360
232	374
233	381
234	395
235	349
236	380
237	363
238	373
239	401
240	376
241	364
242	369
243	376
244	379
245	382
246	405
247	414
248	415
249	418
250	428
251	431
252	429
253	436
254	431
255	444
256	432
257	438
258	442
259	444
260	467
261	467
262	448
263	442
264	441
265	449
266	431
267	450
268	449
269	460
270	442
271	445
272	449
273	438
274	431
275	434
276	448
277	441
278	483
279	497
280	446
281	446
282	434
283	445
284	427
285	420
286	436
287	428
288	418
289	414
290	404
291	428
292	445
293	411
294	386
295	378
296	404
297	403
298	398
299	377
300	376
301	395
302	371
303	488
304	394
305	469
306	373
307	374
308	371
309	410
310	376
311	400
312	371
313	375
314	390
315	367
316	379
317	374
318	363
319	382
320	373
321	375
322	371
323	391
324	406
325	375
326	378
327	370
328	369
329	371
330	396
331	393
332	367
333	368
334	377
335	479
336	386
337	422
338	377
339	409
340	363
341	407
342	375
343	369
344	366
345	371
346	387
347	383
348	377
349	373
350	386
351	380
352	385
353	376
354	383
355	379
356	371
357	372
358	369
359	374
360	374
361	378
362	371
363	363
364	364
365	385
366	367
367	372
368	380
369	377
370	370
371	409
372	372
373	370
374	402
375	396
376	403
377	389
378	371
379	388
380	374
381	376
382	372
383	378
384	376
385	375
386	386
387	415
388	376
389	374
390	379
391	391
392	405
393	372
394	390
395	379
396	381
397	389
398	390
399	367
400	370
401	377
402	407
403	374
404	379
405	394
406	387
407	379
408	366
409	371
410	366
411	373
412	379
413	375
414	412
415	370
416	380
417	410
418	382
419	399
420	383
421	395
422	379
423	369
424	415
425	376
426	373
427	376
428	373
429	373
430	372
431	391
432	367
433	386
434	392
435	381
436	371
437	387
438	375
439	372
440	377
441	369
442	382
443	393
444	415
445	391
446	375
447	372
448	480
449	384
450	368
451	383
452	375
453	399
454	376
455	389
456	408
457	378
458	361
459	379
460	399
461	374
462	417
463	387
464	400
465	377
466	366
467	373
468	381
469	377
470	372
471	382
472	380
473	424
474	391
475	391
476	380
477	397
478	382
479	425
480	387
481	390
482	390
483	392
484	389
485	389
486	390
487	389
488	390
489	386
490	383
491	386
492	387
493	386
494	406
495	412
496	374
497	387
498	417
499	390
500	407
501	412
502	385
503	389
504	428
505	407
506	390
507	391
508	419
509	397
510	409
511	386
512	389
513	392
514	401
515	390
516	406
517	383
518	392
519	391
520	408
521	403
522	387
523	393
524	420
525	377
526	397
527	399
528	385
529	388
530	382
531	399
532	387
533	393
534	408
535	427
536	388
537	384
538	379
539	387
540	382
541	403
542	463
543	379
544	404
545	377
546	387
547	387
548	431
549	383
550	388
551	386
552	381
553	376
554	387
555	395
556	376
557	386
558	400
559	388
560	392
561	395
562	387
563	379
564	417
565	373
566	373
567	377
568	371
569	383
570	387
571	372
572	446
573	380
574	390
575	377
576	376
577	387
578	376
579	409
580	394
581	371
582	378
583	387
584	370
585	382
586	373
587	367
588	396
589	369
590	379
591	368
592	382
593	384
594	378
595	380
596	376
597	370
598	410
599	379
600	385
601	379
602	377
603	395
604	402
605	377
606	397
607	376
608	415
609	424
610	371
611	374
612	376
613	374
614	393
615	371
616	384
617	380
618	371
619	361
620	373
621	379
622	385
623	385
624	376
625	393
626	404
627	380
628	394
629	388
630	372
631	374
632	401
633	382
634	371
635	394
636	378
637	371
638	380
639	363
640	374
641	388
642	375
643	393
644	385
645	392
646	371
647	383
648	382
649	382
650	383
651	526
652	380
653	372
654	378
655	372
656	389
657	375
658	380
659	378
660	374
661	388
662	381
663	390
664	387
665	397
666	384
667	380
668	382
669	381
670	390
671	386
672	389
673	414
674	398
675	418
676	411
677	430
678	446
679	433
680	434
681	442
682	456
683	458
684	449
685	444
686	445
687	441
688	438
689	472
690	442
691	435
692	454
693	442
694	459
695	442
696	452
697	437
698	512
699	443
700	440
701	462
702	472
703	441
704	441
705	452
706	454
707	437
708	443
709	445
710	443
711	472
712	512
713	431
714	433
715	459
716	461
717	435
718	437
719	419
720	422
721	425
722	426
723	426
724	411
725	401
726	410
727	416
728	399
729	405
730	391
731	384
732	383
733	395
734	387
735	381
736	394
737	388
738	401
739	399
740	392
741	387
742	417
743	386
744	385
745	379
746	378
747	374
748	401
749	402
750	387
751	406
752	374
753	370
754	390
755	370
756	375
757	398
758	399
759	383
760	384
761	389
762	382
763	379
764	380
765	371
766	379
767	410
768	384
769	384
770	374
771	393
772	386
773	442
774	370
775	405
776	377
777	396
778	387
779	378
780	387
781	400
782	382
783	382
784	386
785	382
786	386
787	431
788	410
789	393
790	376
791	383
792	384
793	376
794	388
795	376
796	384
797	385
798	389
799	388
800	380
801	389
802	381
803	408
804	376
805	384
806	381
807	384
808	436
809	383
810	383
811	378
812	380
813	399
814	390
815	368
816	413
817	377
818	392
819	394
820	398
821	399
822	392
823	513
824	388
825	385
826	556
827	422
828	381
829	382
830	380
831	381
832	394
833	403
834	402
835	391
836	387
837	377
838	376
839	396
840	397
841	434
842	389
843	380
844	385
845	394
846	379
847	386
848	393
849	388
850	388
851	381
852	390
853	384
854	371
855	395
856	401
857	387
858	379
859	383
860	416
861	402
862	390
863	379
864	394
865	384
866	390
867	388
868	383
869	386
870	385
871	394
872	382
873	372
874	386
875	392
876	386
877	418
878	390
879	395
880	399
881	382
882	416
883	388
884	390
885	385
886	393
887	390
888	424
889	404
890	378
891	389
892	372
893	394
894	382
895	664
896	400
897	392
898	376
899	424
900	377
901	383
902	423
903	378
904	403
905	386
906	417
907	387
908	381
909	396
910	383
911	380
912	401
913	378
914	389
915	397
916	389
917	398
918	414
919	385
920	388
921	385
922	391
923	404
924	393
925	384
926	397
927	386
928	387
929	385
930	388
931	387
932	399
933	391
934	388
935	375
936	378
937	394
938	396
939	389
940	385
941	384
942	420
943	380
944	386
945	391
946	388
947	383
948	425
949	378
950	409
951	383
952	388
953	415
954	393
955	425
956	376
957	418
958	379
959	401
960	391
961	391
962	414
963	385
964	383
965	388
966	383
967	388
968	396
969	409
970	391
971	393
972	382
973	404
974	390
975	409
976	389
977	386
978	409
979	401
980	437
981	384
982	427
983	386
984	398
985	390
986	391
987	409
988	390
989	401
990	394
991	394
992	399
993	383
994	398
995	396
996	406
997	393
998	384
999	399
1000	407
1001	401
1002	405
1003	393
1004	403
1005	401
1006	395
1007	413
1008	419
1009	390
1010	410
1011	398
1012	398
1013	396
1014	391
1015	413
1016	399
1017	398
1018	405
1019	402
1020	407
1021	398
1022	447
1023	409
