Time - Plot 0	Amplitude - Plot 0
0	547
1	627
2	518
3	580
4	539
5	556
6	552
7	544
8	584
9	566
10	562
11	587
12	547
13	579
14	610
15	602
16	569
17	586
18	575
19	599
20	581
21	556
22	695
23	594
24	618
25	589
26	629
27	638
28	728
29	603
30	615
31	674
32	633
33	630
34	658
35	702
36	741
37	622
38	799
39	640
40	640
41	713
42	760
43	774
44	763
45	910
46	681
47	701
48	752
49	721
50	691
51	711
52	717
53	689
54	703
55	688
56	721
57	720
58	803
59	693
60	707
61	728
62	717
63	744
64	870
65	768
66	720
67	731
68	740
69	826
70	719
71	696
72	724
73	709
74	720
75	720
76	751
77	722
78	751
79	741
80	813
81	755
82	720
83	739
84	740
85	708
86	743
87	698
88	750
89	722
90	790
91	740
92	722
93	755
94	723
95	777
96	744
97	775
98	727
99	742
100	777
101	738
102	731
103	790
104	744
105	750
106	728
107	744
108	720
109	823
110	741
111	723
112	830
113	796
114	840
115	714
116	745
117	731
118	724
119	707
120	715
121	715
122	750
123	717
124	719
125	697
126	736
127	725
128	807
129	708
130	730
131	739
132	877
133	738
134	716
135	711
136	760
137	806
138	1079
139	715
140	727
141	704
142	714
143	717
144	729
145	792
146	681
147	814
148	683
149	745
150	758
151	686
152	721
153	707
154	726
155	720
156	692
157	725
158	737
159	745
160	706
161	728
162	842
163	701
164	699
165	765
166	741
167	781
168	766
169	757
170	805
171	712
172	764
173	706
174	700
175	697
176	716
177	724
178	753
179	786
180	855
181	791
182	695
183	717
184	692
185	716
186	729
187	731
188	690
189	766
190	768
191	756
192	743
193	735
194	700
195	711
196	755
197	967
198	804
199	711
200	738
201	700
202	729
203	720
204	854
205	707
206	662
207	801
208	839
209	691
210	718
211	702
212	683
213	686
214	736
215	712
216	690
217	739
218	723
219	719
220	712
221	717
222	847
223	825
224	713
225	687
226	717
227	727
228	696
229	747
230	711
231	698
232	738
233	775
234	790
235	692
236	764
237	699
238	755
239	803
240	754
241	737
242	733
243	759
244	744
245	756
246	825
247	846
248	858
249	881
250	890
251	883
252	924
253	922
254	899
255	966
256	921
257	931
258	957
259	923
260	1017
261	1027
262	964
263	950
264	935
265	968
266	909
267	992
268	941
269	982
270	936
271	956
272	976
273	953
274	941
275	933
276	955
277	932
278	1043
279	1133
280	937
281	948
282	917
283	965
284	914
285	892
286	915
287	902
288	878
289	861
290	864
291	900
292	968
293	843
294	774
295	778
296	856
297	831
298	823
299	783
300	761
301	786
302	766
303	1118
304	805
305	1045
306	744
307	774
308	772
309	862
310	754
311	829
312	751
313	739
314	827
315	730
316	771
317	754
318	728
319	766
320	777
321	782
322	750
323	802
324	876
325	750
326	768
327	738
328	736
329	748
330	837
331	803
332	740
333	742
334	752
335	1051
336	784
337	907
338	773
339	839
340	722
341	817
342	745
343	732
344	731
345	743
346	782
347	774
348	738
349	747
350	748
351	774
352	776
353	754
354	774
355	773
356	737
357	746
358	737
359	751
360	762
361	769
362	763
363	748
364	726
365	776
366	733
367	733
368	769
369	748
370	769
371	842
372	747
373	749
374	838
375	808
376	839
377	810
378	745
379	803
380	746
381	753
382	734
383	761
384	753
385	754
386	783
387	871
388	757
389	773
390	761
391	796
392	843
393	732
394	813
395	759
396	764
397	816
398	793
399	755
400	739
401	744
402	860
403	774
404	763
405	820
406	779
407	761
408	727
409	756
410	748
411	751
412	769
413	761
414	858
415	735
416	766
417	864
418	761
419	830
420	762
421	825
422	766
423	749
424	899
425	763
426	756
427	762
428	752
429	760
430	763
431	787
432	738
433	782
434	778
435	786
436	740
437	787
438	772
439	752
440	758
441	754
442	771
443	816
444	883
445	818
446	784
447	753
448	1073
449	780
450	743
451	801
452	775
453	836
454	765
455	805
456	873
457	786
458	737
459	794
460	840
461	779
462	900
463	823
464	849
465	787
466	768
467	766
468	805
469	786
470	799
471	821
472	786
473	944
474	818
475	831
476	795
477	854
478	815
479	950
480	812
481	838
482	849
483	856
484	837
485	817
486	845
487	861
488	846
489	851
490	833
491	836
492	857
493	858
494	943
495	929
496	824
497	872
498	1027
499	880
500	922
501	951
502	866
503	884
504	1013
505	928
506	887
507	915
508	974
509	925
510	962
511	869
512	896
513	889
514	947
515	919
516	983
517	876
518	915
519	935
520	967
521	949
522	918
523	917
524	985
525	885
526	932
527	931
528	905
529	911
530	891
531	943
532	917
533	931
534	955
535	1036
536	911
537	930
538	923
539	918
540	893
541	953
542	1165
543	871
544	946
545	889
546	909
547	896
548	1025
549	900
550	899
551	905
552	859
553	868
554	877
555	902
556	858
557	869
558	904
559	860
560	863
561	904
562	862
563	841
564	942
565	815
566	807
567	812
568	813
569	840
570	858
571	798
572	1031
573	809
574	852
575	806
576	795
577	819
578	811
579	894
580	833
581	784
582	825
583	810
584	766
585	786
586	753
587	775
588	811
589	746
590	784
591	758
592	794
593	796
594	796
595	785
596	786
597	771
598	880
599	770
600	784
601	799
602	769
603	828
604	821
605	762
606	819
607	779
608	886
609	905
610	758
611	762
612	778
613	761
614	819
615	757
616	791
617	760
618	750
619	738
620	754
621	776
622	775
623	763
624	743
625	801
626	845
627	772
628	795
629	783
630	768
631	749
632	808
633	801
634	738
635	825
636	751
637	740
638	782
639	734
640	777
641	784
642	754
643	806
644	802
645	803
646	752
647	782
648	759
649	755
650	783
651	1223
652	770
653	754
654	778
655	758
656	793
657	741
658	784
659	747
660	753
661	795
662	784
663	778
664	792
665	815
666	816
667	773
668	763
669	785
670	801
671	784
672	794
673	851
674	826
675	866
676	864
677	902
678	983
679	922
680	907
681	938
682	984
683	963
684	952
685	967
686	964
687	956
688	920
689	1037
690	961
691	935
692	966
693	969
694	979
695	959
696	985
697	931
698	1175
699	964
700	969
701	985
702	1028
703	940
704	941
705	989
706	989
707	927
708	955
709	952
710	953
711	1033
712	1101
713	925
714	901
715	976
716	1000
717	925
718	919
719	903
720	887
721	902
722	894
723	902
724	855
725	830
726	852
727	863
728	828
729	854
730	798
731	761
732	790
733	814
734	765
735	778
736	760
737	793
738	820
739	816
740	803
741	781
742	882
743	775
744	751
745	744
746	758
747	778
748	808
749	788
750	776
751	828
752	756
753	744
754	785
755	738
756	741
757	800
758	810
759	755
760	766
761	782
762	756
763	777
764	768
765	758
766	764
767	845
768	757
769	793
770	744
771	785
772	782
773	945
774	742
775	817
776	733
777	810
778	782
779	766
780	777
781	805
782	768
783	768
784	779
785	766
786	770
787	894
788	846
789	817
790	772
791	789
792	778
793	758
794	789
795	771
796	785
797	754
798	795
799	775
800	750
801	776
802	800
803	847
804	756
805	784
806	764
807	770
808	940
809	775
810	776
811	743
812	755
813	822
814	770
815	742
816	864
817	772
818	783
819	776
820	815
821	818
822	811
823	1186
824	810
825	746
826	1290
827	867
828	772
829	756
830	777
831	763
832	807
833	864
834	827
835	779
836	771
837	748
838	744
839	805
840	804
841	892
842	772
843	749
844	774
845	794
846	776
847	779
848	765
849	774
850	788
851	773
852	792
853	775
854	755
855	807
856	813
857	780
858	770
859	782
860	878
861	805
862	809
863	747
864	811
865	803
866	795
867	770
868	788
869	773
870	787
871	793
872	781
873	721
874	810
875	800
876	784
877	906
878	803
879	832
880	822
881	775
882	882
883	808
884	797
885	778
886	824
887	789
888	909
889	806
890	776
891	771
892	743
893	799
894	769
895	1631
896	827
897	776
898	771
899	907
900	754
901	770
902	907
903	759
904	811
905	791
906	886
907	766
908	747
909	791
910	783
911	748
912	834
913	763
914	804
915	816
916	776
917	829
918	847
919	769
920	765
921	771
922	811
923	809
924	802
925	777
926	801
927	778
928	769
929	770
930	779
931	783
932	816
933	795
934	773
935	729
936	766
937	805
938	795
939	771
940	780
941	774
942	879
943	747
944	766
945	786
946	738
947	765
948	864
949	727
950	819
951	779
952	785
953	855
954	791
955	876
956	764
957	862
958	767
959	834
960	766
961	769
962	852
963	770
964	749
965	771
966	778
967	798
968	802
969	868
970	792
971	764
972	762
973	806
974	773
975	833
976	784
977	781
978	834
979	805
980	899
981	756
982	903
983	773
984	802
985	804
986	801
987	829
988	783
989	813
990	788
991	812
992	818
993	771
994	817
995	806
996	795
997	799
998	775
999	808
1000	819
1001	805
1002	789
1003	808
1004	824
1005	801
1006	789
1007	859
1008	848
1009	790
1010	834
1011	790
1012	801
1013	782
1014	784
1015	815
1016	788
1017	809
1018	807
1019	794
1020	806
1021	811
1022	914
1023	816
