Time - Plot 0	Amplitude - Plot 0
0	543
1	621
2	509
3	576
4	528
5	551
6	551
7	537
8	587
9	555
10	547
11	581
12	546
13	577
14	597
15	579
16	568
17	579
18	572
19	591
20	566
21	549
22	683
23	578
24	614
25	580
26	615
27	657
28	720
29	594
30	612
31	668
32	620
33	606
34	652
35	696
36	726
37	614
38	790
39	625
40	631
41	710
42	748
43	773
44	744
45	871
46	655
47	681
48	745
49	713
50	675
51	681
52	690
53	669
54	696
55	657
56	699
57	696
58	781
59	683
60	681
61	721
62	704
63	740
64	863
65	753
66	708
67	708
68	719
69	800
70	704
71	705
72	718
73	706
74	723
75	707
76	747
77	724
78	763
79	723
80	810
81	731
82	720
83	723
84	731
85	691
86	716
87	693
88	728
89	708
90	799
91	732
92	703
93	744
94	707
95	760
96	725
97	755
98	723
99	723
100	749
101	728
102	728
103	778
104	727
105	750
106	714
107	726
108	722
109	827
110	744
111	731
112	826
113	793
114	830
115	696
116	715
117	719
118	715
119	701
120	720
121	696
122	743
123	707
124	702
125	725
126	724
127	715
128	799
129	706
130	720
131	732
132	884
133	715
134	723
135	698
136	748
137	806
138	731
139	696
140	723
141	696
142	693
143	692
144	713
145	779
146	664
147	807
148	677
149	724
150	734
151	691
152	701
153	701
154	719
155	714
156	685
157	717
158	724
159	752
160	693
161	711
162	826
163	670
164	691
165	747
166	727
167	774
168	759
169	732
170	795
171	679
172	758
173	712
174	682
175	690
176	695
177	711
178	734
179	774
180	839
181	786
182	683
183	708
184	699
185	701
186	712
187	709
188	670
189	780
190	759
191	745
192	732
193	713
194	696
195	705
196	746
197	940
198	787
199	691
200	730
201	689
202	715
203	704
204	842
205	704
206	655
207	804
208	834
209	695
210	704
211	699
212	681
213	677
214	738
215	714
216	679
217	752
218	708
219	732
220	706
221	722
222	844
223	859
224	703
225	946
226	748
227	724
228	698
229	742
230	712
231	704
232	724
233	771
234	785
235	688
236	753
237	710
238	760
239	814
240	752
241	737
242	736
243	780
244	745
245	770
246	822
247	851
248	867
249	868
250	883
251	881
252	918
253	918
254	901
255	963
256	907
257	933
258	947
259	928
260	1002
261	1027
262	951
263	931
264	935
265	955
266	933
267	985
268	940
269	992
270	911
271	956
272	959
273	924
274	915
275	926
276	951
277	928
278	1032
279	1104
280	937
281	926
282	909
283	970
284	900
285	883
286	895
287	897
288	883
289	860
290	852
291	880
292	962
293	866
294	777
295	767
296	838
297	799
298	832
299	764
300	749
301	769
302	754
303	1092
304	815
305	1031
306	736
307	748
308	752
309	845
310	739
311	824
312	737
313	737
314	814
315	710
316	755
317	730
318	728
319	747
320	746
321	758
322	733
323	788
324	834
325	739
326	751
327	722
328	750
329	737
330	808
331	805
332	732
333	726
334	739
335	1051
336	776
337	867
338	739
339	838
340	709
341	803
342	735
343	729
344	725
345	727
346	770
347	760
348	735
349	740
350	743
351	772
352	753
353	737
354	756
355	758
356	731
357	741
358	735
359	730
360	748
361	761
362	742
363	725
364	715
365	767
366	724
367	741
368	752
369	735
370	743
371	831
372	745
373	742
374	843
375	796
376	831
377	785
378	740
379	791
380	752
381	749
382	744
383	755
384	771
385	752
386	794
387	882
388	762
389	768
390	781
391	807
392	853
393	747
394	828
395	773
396	773
397	835
398	813
399	759
400	766
401	779
402	861
403	796
404	783
405	825
406	793
407	784
408	739
409	764
410	764
411	768
412	796
413	783
414	880
415	773
416	793
417	878
418	807
419	839
420	804
421	850
422	812
423	779
424	923
425	798
426	814
427	802
428	805
429	812
430	826
431	845
432	806
433	838
434	846
435	853
436	806
437	846
438	831
439	816
440	841
441	827
442	847
443	904
444	969
445	902
446	849
447	842
448	1153
449	851
450	833
451	882
452	871
453	915
454	848
455	904
456	953
457	861
458	829
459	880
460	923
461	881
462	993
463	896
464	955
465	874
466	851
467	848
468	886
469	874
470	883
471	903
472	872
473	1014
474	915
475	914
476	875
477	929
478	884
479	1013
480	887
481	900
482	906
483	914
484	875
485	872
486	902
487	894
488	870
489	877
490	864
491	857
492	886
493	869
494	933
495	928
496	819
497	845
498	962
499	874
500	908
501	911
502	858
503	849
504	979
505	874
506	846
507	847
508	911
509	862
510	898
511	817
512	809
513	824
514	875
515	822
516	906
517	810
518	820
519	828
520	861
521	872
522	799
523	823
524	907
525	785
526	832
527	829
528	795
529	789
530	779
531	829
532	816
533	817
534	848
535	918
536	800
537	803
538	797
539	790
540	778
541	862
542	1030
543	763
544	827
545	765
546	783
547	771
548	903
549	786
550	786
551	787
552	752
553	761
554	763
555	803
556	754
557	776
558	832
559	1703
560	874
561	835
562	788
563	767
564	840
565	732
566	736
567	745
568	754
569	788
570	785
571	738
572	984
573	746
574	776
575	758
576	741
577	771
578	758
579	847
580	791
581	739
582	778
583	761
584	727
585	749
586	731
587	731
588	779
589	715
590	755
591	737
592	749
593	762
594	762
595	755
596	748
597	729
598	856
599	732
600	746
601	780
602	744
603	810
604	775
605	727
606	810
607	752
608	857
609	890
610	730
611	732
612	748
613	741
614	785
615	732
616	763
617	747
618	725
619	727
620	743
621	746
622	753
623	739
624	741
625	766
626	833
627	751
628	769
629	768
630	750
631	736
632	804
633	781
634	718
635	789
636	730
637	717
638	743
639	705
640	756
641	774
642	733
643	778
644	791
645	793
646	743
647	772
648	763
649	751
650	770
651	1206
652	749
653	739
654	769
655	739
656	773
657	731
658	779
659	734
660	727
661	778
662	766
663	764
664	762
665	803
666	775
667	753
668	746
669	765
670	787
671	776
672	767
673	832
674	795
675	840
676	853
677	891
678	948
679	903
680	901
681	929
682	959
683	954
684	935
685	947
686	941
687	931
688	905
689	1004
690	926
691	915
692	940
693	958
694	951
695	935
696	968
697	906
698	1132
699	944
700	938
701	967
702	1023
703	946
704	909
705	969
706	976
707	908
708	920
709	926
710	964
711	1025
712	955
713	919
714	889
715	963
716	968
717	919
718	900
719	877
720	879
721	890
722	879
723	904
724	846
725	797
726	840
727	854
728	802
729	834
730	783
731	753
732	778
733	802
734	764
735	768
736	767
737	786
738	799
739	808
740	791
741	762
742	881
743	767
744	756
745	745
746	748
747	754
748	798
749	787
750	755
751	825
752	747
753	731
754	760
755	724
756	743
757	791
758	825
759	760
760	750
761	771
762	745
763	751
764	751
765	736
766	751
767	839
768	748
769	773
770	730
771	773
772	759
773	941
774	737
775	810
776	723
777	798
778	776
779	749
780	767
781	785
782	770
783	768
784	744
785	767
786	767
787	888
788	830
789	809
790	748
791	781
792	775
793	730
794	792
795	766
796	776
797	757
798	786
799	775
800	770
801	779
802	796
803	851
804	757
805	773
806	779
807	786
808	941
809	782
810	784
811	742
812	765
813	833
814	790
815	740
816	876
817	766
818	791
819	771
820	807
821	830
822	799
823	1158
824	802
825	751
826	1297
827	883
828	773
829	759
830	775
831	755
832	793
833	854
834	810
835	777
836	767
837	743
838	745
839	780
840	801
841	878
842	763
843	744
844	757
845	784
846	770
847	776
848	766
849	751
850	778
851	753
852	761
853	771
854	733
855	799
856	811
857	755
858	763
859	774
860	839
861	803
862	779
863	731
864	802
865	772
866	768
867	747
868	768
869	754
870	782
871	767
872	757
873	721
874	779
875	783
876	749
877	865
878	789
879	941
880	794
881	756
882	848
883	786
884	771
885	764
886	796
887	771
888	885
889	798
890	766
891	748
892	736
893	802
894	751
895	1606
896	811
897	756
898	763
899	891
900	755
901	760
902	900
903	751
904	780
905	784
906	859
907	763
908	740
909	762
910	785
911	739
912	812
913	759
914	786
915	803
916	781
917	818
918	826
919	781
920	758
921	749
922	801
923	807
924	802
925	777
926	801
927	771
928	764
929	762
930	782
931	758
932	791
933	789
934	763
935	756
936	755
937	782
938	795
939	764
940	761
941	756
942	870
943	734
944	750
945	768
946	741
947	775
948	855
949	737
950	808
951	763
952	768
953	844
954	804
955	851
956	753
957	853
958	766
959	813
960	758
961	775
962	859
963	747
964	738
965	757
966	767
967	775
968	797
969	851
970	786
971	773
972	759
973	787
974	761
975	827
976	761
977	766
978	825
979	786
980	894
981	741
982	883
983	757
984	784
985	783
986	782
987	833
988	765
989	804
990	798
991	800
992	794
993	741
994	802
995	797
996	793
997	794
998	756
999	783
1000	805
1001	790
1002	789
1003	795
1004	797
1005	791
1006	781
1007	852
1008	851
1009	763
1010	824
1011	793
1012	802
1013	786
1014	790
1015	821
1016	780
1017	782
1018	812
1019	793
1020	803
1021	801
1022	908
1023	807
